-16.7575
-18.4865
-16.2045
-19.1605
-1.7184
-7.3595
-13.2505
-8.7215
-23.3045
-27.6116
-4.9545
-26.5655
-20.3016
-7.9125
-9.6215
-20.3636
-4.9475
-11.6625
-1.9615
-4.2245
-2.8865
-6.4365
-8.2155
-31.6405
-6.0955
-15.2055
-9.8285
-17.3965
-5.5775
-19.0735
-21.6855
-16.4155
-21.2355
-24.6575
-10.5335
-7.7515
-5.4985
-20.0746
-4.1335
-8.5155
-0.1574
-8.4585
-5.7995
-27.4126
-27.2656
-6.7915
-17.9965
-14.0505
-7.5125
-9.2625
-5.8905
-20.4485
-20.0565
-26.9985
-2.8415
-18.5475
-11.8675
-14.9865
-18.0745
-6.2095
-8.7075
-28.1775
-22.0595
-20.9435
-9.1115
-21.9375
-27.0705
-22.4766
-22.8815
-22.5995
-17.0825
-26.8805
-15.7625
-27.6946
-15.7475
-29.6455
-22.4695
-25.9936
-18.9836
-7.0925
-6.5635
-19.4966
-14.1295
-6.5745
-21.9766
-28.2395
-22.1716
-7.0895
-7.0715
-6.9505
-8.4665
-7.0085
-12.1365
-23.5516
-22.2016
-2.4095
-3.5895
-7.7445
-18.3245
-17.5195
-4.6285
-27.6555
-20.7646
-29.7835
-7.2435
-27.8275
-21.8886
-1.9424
-6.4135
-16.0825
-21.4295
-20.6355
-21.9555
-21.1456
-27.7006
-6.8165
-7.4395
-7.6035
-11.3065
-14.7055
-11.5745
-1.5234
-16.1845
-6.1525
-25.3256
-28.1135
-17.7285
-18.9745
-27.2495
-20.8645
-9.8765
-11.9295
-20.5245
-3.2035
-4.1655
-24.7985
-7.0025
-21.2495
-8.4905
-21.0265
2.9796
-21.5815
-28.7735
-4.2135
-3.6905
-12.1285
-17.3155
-27.4585
-11.6745
-20.4346
-5.2885
-29.3926
-16.9445
-14.1965
-20.4246
-5.2515
-14.5145
-9.7135
-14.1335
-23.1295
-9.1115
-24.0285
-21.0266
-19.0566
-5.5215
-17.8265
-23.8745
-5.0395
-23.5356
-3.2215
-19.4176
-20.3215
-22.0795
-22.0895
-22.4445
-20.1076
-12.4805
-29.9906
-18.7365
-8.4245
-14.4815
-22.7805
-11.4085
3.6516
-23.1045
2.0526
-1.6755
-23.0965
-8.3835
-30.8756
-13.9265
-6.2415
-5.5675
-13.0305
-3.3645
-12.4095
-11.4555
-22.7396
-16.2555
-21.7245
-20.2995
-27.3615
-3.3615
-16.6195
-7.5685
-22.7016
-10.1345
-20.5075
-25.9155
-9.6845
-14.6125
-24.6445
-0.9874
-3.2645
-22.1265
-3.5805
-6.3665
-1.3664
-16.3275
-3.4725
-3.6725
-20.4845
-22.1885
-20.7225
-26.5345
-12.8075
-23.0515
-10.3455
-22.0685
-20.8965
-28.6316
-21.7406
-23.4905
-17.7305
-22.1535
-8.8905
-27.5696
-12.0075
-6.0865
-6.3905
-5.6665
-23.0075
-12.1515
-23.1955
-18.3375
-22.7895
-22.2955
-16.4615
-9.1895
-27.6896
-27.9026
-3.7735
-28.9706
-10.4005
-25.4296
-6.7755
-7.2195
-12.4355
-21.3185
-27.5176
-19.6535
-10.5735
-22.1915
-6.2135
-25.9866
-28.8586
-21.0166
-6.7845
-22.8475
-16.8225
-18.2995
-9.9525
-20.0875
-20.4495
-21.6216
-21.1545
-9.5445
-24.5096
-1.4614
-27.0366
-5.6645
-11.6605
-18.9655
-13.8565
-23.5515
-7.1975
-3.9495
-10.2815
-20.4715
-3.9015
-27.1605
-6.8535
-19.1995
-10.9115
-23.4396
-12.2205
-4.5625
-14.4285
-21.2095
-11.3335
-21.3436
-4.3715
-7.7905
-23.5056
-19.8206
-16.3585
-16.8505
-15.8985
-16.9125
-7.1625
-8.8045
-12.9315
-15.7345
-7.1915
-16.8565
-6.5815
-2.9535
-15.0915
-18.6495
-5.6515
-2.8905
-22.9345
-12.0825
-30.9156
-4.7335
-20.0905
-23.1345
-21.9115
-22.6746
-9.7525
-7.6585
-20.6676
-23.4195
-18.4375
-24.1585
-24.3165
-19.0345
-15.4715
-26.3706
-6.8285
-28.9356
-21.7945
-22.3575
-4.7535
-3.4545
-29.6146
-7.2135
-7.5765
-22.8736
-23.9325
-6.5585
-15.2635
-27.3945
-4.4185
-13.0795
-11.2625
-25.5936
-19.9485
-19.5935
-21.3645
-21.7735
-20.2825
-8.4195
-21.3595
-22.2316
-22.0295
-6.9635
-4.9565
-10.7585
-7.1235
-7.0485
-22.5806
-22.6685
-14.4505
-16.3865
-6.1945
-21.6106
-17.8675
-15.9175
-10.1675
-9.9135
-21.1885
-24.3865
-22.7476
-28.2626
-6.3245
-6.1195
-7.5455
-6.6555
-22.9666
-12.9315
-29.4016
-31.4436
-29.5516
-29.3335
-30.0776
-32.2386
-26.9335
-22.5736
-14.9205
-23.3966
-27.0745
-28.8725
-26.9556
-20.1595
-23.3735
-6.8745
-22.6625
-10.9415
-24.4205
-7.0745
-5.8645
-21.3156
-23.2335
-23.1515
-9.5025
-4.3725
-27.4206
-18.0445
-23.1176
-20.9145
-5.4665
-1.0224
-18.1095
-28.5175
-5.8645
-27.6985
-14.3175
-20.6865
-16.6825
-27.3156
-6.9435
-2.1345
-12.7135
-3.5805
-22.1475
-21.4615
-23.0995
-3.6065
-10.1375
-16.4665
-2.8375
-5.6175
-7.2055
-4.2255
-2.9715
-1.7035
-2.7065
-20.9185
-21.9596
-31.3315
-1.9005
-6.6885
-6.3695
-12.3065
-2.7914
-11.9605
-7.8505
-6.7305
-19.5196
-21.9005
-19.2885
-16.1965
-28.9846
-26.4566
-26.9916
-29.1575
-30.2476
-25.5846
-20.7355
-7.5335
-20.0065
-5.3105
-22.6846
-6.7505
-15.8855
-21.7285
-26.7695
-23.1105
-19.9185
-7.7565
-7.3485
-10.5775
-29.3776
-23.6275
-19.9465
-27.6215
-6.7565
-16.2795
-21.2456
-30.3886
-5.0805
-6.6435
-21.2266
-7.3055
-21.2675
-24.0305
-1.5064
-5.9515
-0.9754
-22.0745
-11.0895
-22.4955
-26.6545
-13.6265
-6.5175
-8.4205
-6.7205
-7.5205
-9.4055
-18.7556
-7.7515
-9.8405
-15.0735
-24.4736
-14.8815
-5.5065
-15.8905
-27.1925
-23.1155
-11.8105
-7.6895
-22.4706
-30.2075
-30.2916
-27.4095
-14.2115
-24.7566
-10.9095
-27.9235
-20.2836
-22.5446
-26.6326
-26.2545
-27.6726
-4.2475
-4.2875
-12.1535
-9.9255
-2.7935
-2.7475
-8.8185
-20.5575
-21.1945
-7.1775
-14.9715
-11.7615
-5.8185
-11.5295
-9.8365
-3.0195
-29.0935
-21.1876
-23.5116
-21.9225
-21.7145
-9.6785
-4.0245
-20.8915
-22.2955
-4.3295
-22.3155
-7.1255
-20.9495
-4.1805
-3.0515
-22.1095
-25.8815
-16.9735
-19.8306
-3.7315
-22.9975
-7.9895
-26.2736
-3.1555
-1.4564
-6.7475
-9.5715
-8.6145
-8.7585
-6.1895
-7.3765
-22.7646
-21.9496
-26.8415
-15.8635
-15.0385
-19.8175
-8.3365
-9.8285
-19.2205
-20.4085
-2.6365
-5.4555
-7.2235
-26.7836
-1.3614
-4.3835
-27.5105
-21.2715
-5.6945
-29.1716
-2.4495
-16.9525
-15.6135
-6.4525
-23.0135
-4.5845
-7.8745
-23.8546
-7.6415
-17.0635
-3.8985
-8.2765
-8.1485
-19.9685
-8.2335
-21.6066
-21.7255
-27.4946
-21.4035
-18.7835
-21.2895
-23.5736
-11.6175
-26.1615
-26.9196
-24.2425
-18.5406
-21.0905
-25.6365
-21.9935
-4.4115
-14.3635
-7.4145
-24.8695
-5.1285
2.8196
-7.2595
-25.4365
-27.6635
-27.6695
-28.6075
-1.7885
-28.8195
-2.9705
-29.3516
-12.6605
-9.6415
-8.7525
-22.1365
-6.9435
-22.1686
-27.7446
-17.1085
-25.2066
-5.9885
-7.7785
-20.5395
-23.1025
-23.2836
-9.1705
-19.7365
-22.1526
-3.5655
-7.7965
-28.3376
-16.2105
-21.9476
-5.9845
-6.8175
-26.7345
-9.0745
-28.6686
-13.2555
-21.0175
-14.3725
-4.4205
-18.2155
-19.7045
-12.1785
-19.8296
-21.1346
-21.1146
-26.6905
-26.1935
-5.0515
-8.9655
-23.1355
-4.2205
-29.4896
-3.1915
-27.5445
-22.4715
-27.7976
-29.6096
-23.7105
-6.4455
-21.0336
-24.3185
-26.0765
-27.1386
3.3596
-20.3275
-9.1665
-16.6185
-16.5675
-12.7025
-1.3634
-21.1215
-8.4705
-11.9665
-15.3235
-7.3135
-13.6365
-7.4825
-29.3045
-4.4875
-11.1475
-12.8235
-22.2705
-22.1935
-4.3885
-6.8015
-21.6205
-22.2745
-22.5695
-23.9415
-28.7305
-21.6335
-22.8865
-16.8725
-13.3825
-27.1996
-28.3685
-28.2756
-27.3586
-27.6145
-1.0634
-22.9526
-24.8165
-9.2465
-20.9216
-3.2625
-21.2565
-17.0105
-24.1975
-8.3885
-11.0105
-4.1315
-15.7805
-16.2085
-12.1555
-22.4745
-21.4995
-19.0565
-16.4315
-9.0305
-20.1466
-6.1915
-7.3495
-11.0005
-3.6845
-21.1665
-8.1465
-4.3345
-6.3495
-8.2145
-6.3775
-10.4295
-5.6995
-7.4935
-13.1045
-12.4835
-4.0095
-1.6824
-15.2415
-29.5516
-20.9915
-22.2845
-11.9995
-20.1435
-14.2045
-27.3066
-27.0986
-22.4416
-17.8735
-7.7265
-14.9595
-19.4075
-8.6235
-9.8315
-1.5154
-23.7986
-21.0665
-3.9425
-18.1445
-5.8375
-16.1815
-5.3165
-3.1755
-5.3125
-4.3465
-14.4795
-10.7085
-5.5935
-10.2125
-15.6185
-20.1915
-17.3515
-30.1206
-3.3285
-7.5165
-22.6345
-14.9775
-7.4895
-12.5365
-16.0305
-15.8015
-4.4765
-6.9815
-13.4925
-8.2875
-22.8796
-21.4725
-22.4565
-23.3086
-8.5125
-26.7755
-23.1016
-30.5125
-10.3405
-29.8845
-16.0715
-12.6185
-18.7635
-19.5255
-16.6685
-22.3556
-15.9665
-1.0114
-1.6715
-30.0395
-6.9275
-18.5155
-18.4925
-2.9275
-22.6656
-22.4636
-6.1225
-8.4865
-29.9516
-20.8495
-7.1295
-6.6425
-7.2115
-9.4005
-27.7705
-11.4385
-21.5295
-18.5575
-14.5035
-11.0915
-19.2955
-14.3385
-19.8805
-8.7735
-14.0695
-11.6945
-22.7935
-24.6185
-21.8035
-23.9025
-22.0125
-20.6966
-16.9575
-28.2885
-27.0725
-6.5545
-27.2745
-5.0785
-5.7605
-6.4585
-23.3646
-13.4875
-21.8325
-23.3566
-2.8815
-3.3215
-24.7366
-6.8905
-6.7665
-6.9615
-20.8805
-9.3975
-2.9284
-20.7916
-21.2755
-8.7425
2.4976
-21.9246
-7.1035
-17.7445
-16.7145
-11.0205
-7.3325
-23.6505
-26.6005
-7.9415
-15.4195
-12.6985
-20.6255
-7.8895
-13.9455
-22.7556
-19.5315
-30.8516
-8.0225
-28.5875
-23.0465
-29.0486
-23.2765
-23.5835
-27.0256
-21.5756
-22.6126
-21.8526
-2.2445
-2.9025
-8.3595
-18.2395
-21.8366
-21.7115
-8.8465
-28.7956
-16.7625
-6.1725
-24.5925
-27.9895
-23.5925
-25.0795
-7.2315
-25.3066
-19.5365
-13.7905
-14.5165
-22.9066
-7.6605
-27.7165
-14.3145
-26.1936
-9.7825
-17.6395
-9.5165
-8.3765
-16.5045
-20.8975
-27.8996
-29.6796
-25.0315
-6.4885
-10.7335
-21.1075
-25.9785
-26.3945
-19.7615
-10.5095
-20.4435
-9.9585
-7.1325
-25.4596
-3.8125
-16.2975
-23.2066
-25.3696
-4.8285
-24.0465
-27.6755
-10.5715
-13.6755
-6.2435
-15.5475
-19.6965
-13.0375
-28.8865
-13.8995
-22.7396
-21.7546
-21.2355
-7.9945
-27.4026
-22.6035
-7.0745
-14.2585
-7.4075
-21.0215
-20.6866
-6.4975
-11.0545
-25.0156
-9.1275
-18.7255
-13.0705
-13.5505
-11.6855
-22.7045
-15.6755
-7.6885
-11.8085
-20.7675
-12.6685
-8.7915
-29.6695
-14.4115
-24.5675
-27.9525
-1.4474
-22.7465
-21.3255
-15.5055
-31.5585
-25.6635
-29.3666
-27.2656
-6.3805
-31.3956
-10.1385
-8.8825
-4.3595
-9.6425
-23.0065
-29.9186
-26.1776
-10.6715
2.6096
-25.3745
-21.9816
-18.5265
-3.6335
-8.1105
-9.9645
-29.3236
-6.5345
-1.1964
-25.6725
-27.9376
-24.0066
-28.1286
-29.7616
-28.9255
-31.7636
-20.5215
-9.4085
-10.5035
-29.7006
-23.4715
-11.6685
-20.9236
-17.6915
-20.6165
-6.9165
-19.5495
-11.3815
-18.6825
-27.3445
-4.7285
-4.4705
-29.2696
-19.0675
-4.4575
-16.3245
-8.4905
-25.4795
-1.7455
-20.6155
-22.9956
-28.4456
-30.1456
-10.5735
-8.7355
-20.1726
-29.7906
1.8156
-22.0145
-9.2795
-23.6206
-17.1895
-14.6005
-24.9185
-20.8766
-20.9545
-20.7336
-22.1876
-23.5236
-19.7906
-4.8835
-5.7935
-7.7275
-3.4765
-17.7325
-28.2845
-17.5275
-11.9425
-20.0825
-21.4886
-22.0436
-3.7685
-3.2215
-20.2646
-4.2325
-7.7335
-14.3055
-10.3615
-3.9515
-11.8915
-7.0425
-6.5375
-9.9585
-23.4255
-29.2986
-17.7035
-27.7185
-19.0895
-21.9346
-21.4616
-20.5585
-22.1226
-20.1845
-19.0015
-20.9725
-15.3545
-7.0335
-10.6485
-20.5415
-7.8055
-6.5565
-5.3415
-4.1675
-8.3225
-19.6985
-9.4835
0.8836
-7.3335
-7.8515
-21.4886
-7.0395
-5.3225
-8.2835
-1.1954
-21.7786
-22.0016
-21.7745
-20.7936
-9.1625
-28.5615
-18.5765
-4.1315
-24.9565
-9.2785
-28.2696
-22.4816
-7.7415
-6.7835
-20.5835
-21.2835
-19.1135
-1.2974
-11.1335
-11.4275
-18.0915
-20.6046
-5.3225
-20.8725
-24.7915
-12.7665
-21.3896
-18.1705
-21.1385
-25.2035
-27.0715
-6.1315
-20.0756
-20.6906
-8.6675
-21.0495
-7.1265
-12.3185
-6.3445
-12.3535
-28.2505
-17.3125
-4.6485
-16.4475
-13.3295
-7.4205
-15.3585
-3.7335
-13.7985
-21.9775
-27.1615
-4.8595
-29.1686
-3.4185
-5.6345
-20.9035
-2.0005
-6.6075
-7.7225
-10.2525
-19.1485
-27.6346
-8.9515
-27.7615
-22.8215
-11.1365
-18.7625
-2.1994
-18.5845
-2.3695
-2.1075
-13.1895
-15.3085
-23.0365
-23.1656
-31.8566
-24.8246
-29.6545
-6.0465
-27.6065
-30.5906
-28.1495
-27.7956
-23.2275
-25.1475
-16.9725
-8.0015
-8.2385
-9.2555
-21.6726
-20.0446
-28.0555
-11.6175
-10.1445
-17.0875
-15.4615
-15.3065
-18.4085
-27.5916
-18.7945
-3.7425
-27.0965
-22.5105
-29.9556
-27.9525
-3.0345
-23.0395
-0.1604
-22.0036
-27.9235
-25.8565
-4.8435
-4.3005
-8.9805
-33.6915
-12.5525
-30.7586
-23.6635
-10.6005
-23.3805
-16.0775
-5.1745
-30.1616
-11.1005
-20.9055
-28.3445
-20.3995
-17.0805
-11.5155
-20.4435
-21.5605
-26.3965
-14.6415
-4.0855
-3.4715
-4.5595
-28.6016
-3.7295
-14.3975
-15.7945
-14.1845
-3.8375
-4.4555
-4.2575
-20.8576
-9.6325
-5.0945
-0.9374
-19.5396
-10.8135
-20.7135
-6.0265
-29.3886
-14.1515
-8.0595
-8.7295
-9.4115
-20.1765
-25.2926
-8.1825
-7.2315
-8.9095
-22.8385
-28.5245
-13.1175
-18.2345
-12.7925
-19.6985
-22.0296
-16.2965
-13.6635
-7.5625
-21.0945
-18.5936
-21.1296
-12.5065
-19.9155
-22.1605
-19.9286
-22.0856
-12.8095
-8.2585
-7.8785
-20.3686
-11.5645
-12.3275
-3.8345
-19.0375
-19.7535
-21.8816
-12.2195
-22.4135
-22.3305
-23.0155
-27.2345
-1.9915
-6.9105
-7.5865
-11.8145
-7.2605
-14.8955
-28.2085
-15.2945
-19.6335
-10.6445
-7.7975
-22.1536
-20.5006
-18.8075
-23.5515
-19.9375
-14.5585
-20.6605
-23.6305
-19.1726
-22.5516
-27.7355
-19.9325
-25.6766
-13.7635
-21.1895
-29.1786
-9.6385
-28.1195
-16.6855
-12.2335
-24.7995
-22.0296
-22.4825
-15.0395
-26.9845
-19.1255
-21.7936
-3.5335
-7.0145
-19.8325
-13.8295
-18.3815
-23.1815
-18.6225
-21.3525
-4.1305
-18.4735
-28.3835
-27.7165
-26.2285
-6.3835
-19.5195
-26.9095
-6.2605
-10.2845
-8.8165
-23.6315
-26.5125
-16.6195
-21.5885
-29.2736
-23.2725
-25.9805
-21.0245
-19.8245
-22.6306
-16.2945
-20.4495
-19.8326
-27.5856
-10.4435
-9.1295
-13.3435
-8.4705
-19.0095
-15.9245
-18.1425
-22.2205
-24.1015
-12.9625
-26.4256
-10.1265
-22.6466
-20.4785
-12.4455
-18.5445
-12.0285
-23.6046
-28.9946
-9.8585
-8.2845
-18.0715
-28.1275
-18.5075
-7.6275
-9.6185
-5.1785
-7.2345
-21.3405
-13.3595
-28.6786
-17.2375
-11.5115
-27.5005
-20.8765
-20.3975
-31.0036
-27.4545
-10.6005
-10.6535
-16.8005
-16.7695
-20.8326
-17.1995
-22.2126
-11.4765
-8.8185
-12.2345
-14.5495
-11.1005
-4.4005
-17.2885
-20.3845
-2.9185
-28.6395
-12.6705
-7.1405
-26.0175
-22.6775
-27.6685
-22.5766
-18.9465
-25.6165
-23.7855
-7.6315
-22.9625
-29.5136
-6.4125
-21.8396
-24.0135
-23.8956
-6.8685
-15.5965
-6.4855
-6.9155
-6.8935
-9.3635
-18.2635
-8.0065
-7.8255
-10.3555
-23.0746
-26.8945
-26.9695
-18.9695
-8.6175
-8.9925
-10.0365
-6.0915
-25.4285
-27.2836
-24.0335
-9.0075
-6.2615
-6.7175
-15.9385
-7.8325
-7.5815
-1.8145
-5.5835
-1.8884
-0.7344
-1.8285
-15.6005
-18.7565
-8.0885
0.9856
-14.5645
-6.6325
-16.2535
-6.7135
-14.4365
-18.4465
-28.3885
-5.5585
-18.1535
-22.5096
-20.3445
-9.3865
-19.9775
-5.3585
-14.7405
-22.2765
-5.9175
-27.2655
-21.9045
-26.8265
-21.4605
-7.2915
-20.6605
-21.1476
-28.2135
-23.6866
-7.4285
-22.6565
-25.0435
-24.9435
-18.2495
-14.4095
-11.6285
-12.6135
-29.7065
-20.4886
-19.8436
-26.2555
-16.2345
-20.4665
-9.3385
-10.6895
-20.9906
-20.6146
-18.7785
-20.6206
-21.6615
-18.8045
-20.1395
-13.2955
-9.8005
-15.7265
-21.5115
-15.7265
-21.5175
-22.3665
-29.5806
-27.6595
-20.6805
-9.2585
-28.9846
-9.3935
-25.7345
-20.1235
-15.8115
-13.7605
-16.6525
-19.3746
-4.2855
-6.9595
-30.7046
-9.0025
-18.9675
-12.9055
-30.9835
-5.0335
-29.3696
-20.1605
-22.2545
-20.3636
-4.2545
-26.9856
-21.3166
-29.6225
-6.6185
-21.1096
-19.0585
-19.4635
-20.6896
-20.9766
-20.2875
-8.4475
-23.3815
-22.0405
-22.1005
-18.4315
-22.2215
-23.5565
-27.5065
-26.7146
-29.0866
-6.0945
-24.5685
-16.7205
-21.4835
-22.4145
-22.0516
-6.6855
-11.3445
-21.2365
-4.1565
-22.7866
-20.2036
-22.4295
-18.3735
-17.4265
-17.3395
-6.6605
-23.7875
-24.5206
-30.0846
-6.1045
-6.2025
-23.0436
-8.0975
-21.1665
-12.9465
-21.6106
-7.1085
-20.9835
-23.6495
-23.8326
-21.8335
-29.2366
-6.1115
-15.5315
-30.5446
-25.9425
-23.7975
-19.2195
-22.4885
-17.2805
-22.5506
-27.7085
-19.6256
-11.9425
-26.7245
-20.6716
-24.7045
-27.5285
-28.3605
-7.4335
-11.0295
-6.9455
-27.8555
-27.6345
-6.0325
-13.4185
-28.9836
-28.4995
-27.3915
-27.5495
-27.2765
-20.8406
-8.3595
-28.0546
-19.7635
-20.6506
-7.0235
-27.3555
-23.7245
-5.3435
-3.9025
-4.8835
-25.4245
-11.5255
-14.9265
-6.3325
-22.0466
-22.1916
-22.6925
-11.7965
-28.7255
-27.9115
-11.2685
-29.6486
-29.8616
-22.4635
-22.2715
-6.5615
-29.5026
-21.7426
-9.3905
-19.5225
-13.8685
-22.4885
-18.7465
-20.2885
-29.1775
-10.5085
-22.5615
-28.5255
-21.0995
-16.3785
-3.8905
-21.5516
-22.8556
-5.7065
-7.5125
-7.3555
-28.8816
-15.4465
-21.4065
-20.8086
-6.9315
-2.1714
-24.1005
-29.2256
-23.3885
-9.4845
-10.6005
-10.7615
-22.3745
-24.0015
-29.5755
-26.8535
-27.4245
-16.1835
-25.6585
-29.5896
-8.1645
-14.2075
-12.2675
-9.9005
-7.9515
-10.2645
-6.9605
-18.0775
-5.6035
-16.6395
-18.7585
-29.4516
-10.2925
-12.3865
-23.9165
-25.4135
-19.1545
-3.8405
-6.1525
-5.6975
-21.2645
-20.2845
-22.3595
-23.5416
0.8576
-7.4485
-19.2325
-20.7266
-23.8495
-12.1315
-15.4455
-10.7415
-7.3365
-14.9855
-16.5825
-9.2735
-26.2575
-26.7785
-21.6765
-23.3175
-6.1275
-20.6775
-7.8665
-29.0296
-14.4495
-7.7915
-23.5995
-8.6015
-14.8605
-7.5545
-7.4695
-19.8895
-22.8635
-6.7675
-27.8615
-27.5976
-23.0875
-21.6155
-22.9035
-2.5144
-28.9835
-20.4645
-30.0005
-15.5375
-6.4355
-24.2935
-11.0485
-26.6475
-13.6545
-14.9475
-11.7975
-29.3826
-3.7985
-28.7476
-3.7175
-20.8495
-9.0575
-6.9645
-28.7975
-4.4525
-5.7335
-19.5615
-25.5485
-25.7375
-27.0266
-20.5395
-6.3965
-24.0665
-6.6235
-16.9935
-26.0815
-6.0785
-17.3155
-7.3315
-23.2826
-16.4765
-6.9935
-17.9605
-23.3226
-3.7605
-27.3595
-18.0665
-18.5455
-18.1685
-6.4035
-7.9405
-10.5495
-27.1756
-20.2685
-16.8915
-7.0885
-16.1315
-20.0255
-6.1585
-19.9336
-19.3685
-21.5315
-7.5835
-22.2915
-18.9995
-5.0915
-26.4555
-8.5845
-16.4645
-15.0825
-13.7445
-8.8905
-9.9685
-22.2115
-29.2566
-28.0236
-1.9345
-28.1845
-26.0275
-26.9316
-20.7995
-13.2425
-27.5845
-11.4715
-21.8395
-7.1585
-29.9056
-26.4285
-15.7115
-10.6895
-20.6485
-4.0535
-28.4305
-11.4295
-21.7995
-27.8905
-9.8325
-9.8845
-28.0285
-16.8505
-21.3845
-9.3395
-22.4185
-8.0025
-15.7685
-29.8816
-1.4034
-24.1775
-18.9826
-7.5615
-21.5376
-16.5115
-18.1335
-15.3175
-3.8435
-16.6795
-6.2675
-16.4965
-8.7765
-15.9345
-7.7105
-18.0135
-24.1855
-25.1955
-22.6596
-5.1515
-14.3225
-18.8225
-18.4545
-18.6425
-5.0225
-27.3156
-5.4595
-5.7495
-5.3235
-10.6105
-19.2526
-14.8105
-5.4695
-12.6025
-3.4265
-2.1265
-18.8515
-4.0465
-5.4105
-10.2275
-5.8195
-29.3796
-27.4445
-29.2685
-24.1465
-7.7165
-3.1205
-6.8885
-16.5595
-28.1856
-8.2015
-29.9446
-28.3316
-3.9135
-4.9805
-18.4945
-28.5416
-27.0866
-20.7766
-6.7875
-30.1146
-21.6225
-21.9105
-24.0805
-20.3185
-22.9345
-4.0405
-7.5465
-10.7835
-14.5475
-5.1085
-25.1915
-14.2235
-18.7755
-20.7625
-20.7955
-24.1856
-22.5376
-23.5165
-16.8315
-28.8466
-23.3435
-20.4285
-6.8555
-21.0285
-22.9735
-20.4995
-26.5995
-20.5715
-4.1675
-17.0145
-8.8345
-15.6145
-4.2635
-26.4736
-21.2995
-21.3526
-28.1415
-13.9365
-20.0755
-25.1015
-21.8955
-9.7885
-20.6585
-25.3955
-25.3076
-21.7326
-21.2615
-23.4156
-16.5845
-22.8166
-25.8836
-17.7715
-23.3735
-21.3605
-9.3985
-14.7325
-23.9936
-26.3855
-23.4635
-27.1325
-21.4975
-21.3055
-21.4585
-21.1525
-2.1335
-18.8445
-16.3495
-21.0086
-19.2135
-7.1245
-7.2475
-1.4054
-11.7295
-20.6505
-29.5486
-15.7195
-22.0676
-10.6835
-22.0045
-32.0245
-27.1945
-29.4075
-4.4085
-16.9625
-14.7245
-22.6336
-26.1415
-4.0995
-27.6265
-22.8586
-5.9895
-31.4045
-27.5635
-7.5065
-2.5985
-21.8905
-14.0965
-21.8585
-12.7675
-19.4376
-22.8715
-9.0465
-23.8495
-29.4195
-4.8045
-21.9555
-8.9735
-20.2346
-25.1065
-21.4306
-19.4785
-28.0575
-16.8615
-27.1815
-3.9235
-7.5015
-14.2595
-14.8655
-27.0925
-13.4115
-14.8425
-4.9745
-8.5415
-11.6415
-12.8825
-23.2695
-12.6515
-21.0805
-15.6645
-20.4625
-19.8326
-28.3706
-8.5815
-27.0576
-14.1645
-17.6885
-28.6245
-22.8185
-14.0675
-20.0225
-28.6285
-12.6525
-21.7585
-20.5416
-11.5475
-22.0616
-21.1536
-23.6566
-12.1855
-4.7135
-28.7136
-16.2175
-23.3965
-2.7765
-20.3425
-11.7495
-6.4015
-20.7936
-5.8245
-22.6615
-9.5375
-13.7735
-22.5095
-7.1815
-20.0385
-20.0705
-3.6615
-4.5855
-1.1274
-1.9755
-7.8345
-23.2045
-19.9555
-13.8265
-10.1255
-29.5746
-22.8396
-14.7565
-24.7086
-7.8355
-23.1975
-20.1745
-23.6805
-6.3595
-24.7175
-21.1706
-28.3885
-24.7416
-10.4365
-7.7485
-2.8585
-20.4335
-14.7895
-26.9006
-20.9365
-28.9275
-7.3905
-28.3416
-24.4455
-29.9756
-19.5975
-28.2406
-25.2305
-27.4936
-29.3556
-5.5265
-25.5715
-18.4885
-22.7495
-8.9035
-22.3176
-15.4925
-26.8986
-23.0906
-27.8335
-5.3965
-22.1745
-23.4765
-19.0395
-19.9805
-17.1425
-11.5195
-15.4945
-7.2685
-21.4016
-7.6765
-27.8835
-11.7845
-1.4304
-9.2195
-19.5496
-19.4915
-6.6685
-16.3585
-18.7295
-19.7265
-21.7705
-27.0045
-19.4145
-17.7225
-19.8016
-5.4985
-4.9005
-19.4685
-6.7905
-23.0575
-28.8206
-12.3005
-23.3506
-22.4365
-18.6925
-14.1375
-20.6575
-27.4045
-12.1585
-25.0245
-15.1705
-6.8285
-27.9375
-7.0515
-2.5584
-8.3995
-24.0035
-16.4425
-26.9885
-24.5866
-4.3225
-20.4385
-26.6315
-7.6525
-6.8145
-4.5425
-11.2395
-22.0995
-27.0775
-11.8205
-5.8125
2.1816
-24.4285
-22.5815
-26.8235
-27.1945
-18.9845
-13.2515
-13.2865
-3.2855
-27.0255
-21.2795
-21.5715
-12.2495
-12.0505
-25.4675
-26.6565
-3.7465
-11.3045
-24.4245
-26.2395
-1.7695
-20.3456
-7.7385
-16.3185
-27.2915
-29.6105
-7.3295
-10.6855
-11.2745
-16.5755
-23.8625
-12.5285
-16.0205
-10.1265
-19.6195
-18.5665
-20.2536
-22.7446
-14.7865
-8.3925
-17.0655
-15.1025
-14.2785
-3.1435
-8.8345
-28.7875
-12.9865
-14.1635
-14.2845
-16.0875
-19.8026
-11.0125
-22.8526
-22.6185
-20.3925
-15.9195
-15.7585
-5.7685
-23.4185
-8.9485
-4.6745
-7.4475
-26.3366
-5.1455
-17.4025
-25.1375
-3.9695
-4.2765
-5.6445
-19.0675
-26.9086
-21.3185
-21.9815
-15.1435
-22.4266
-14.6785
-21.4216
-17.0395
-17.8575
-6.4255
-21.4165
-13.7785
-18.0315
-23.0185
-15.2455
-23.6615
-7.4105
-19.4145
-21.0785
-22.2846
-12.2635
-24.1836
-22.2966
-17.1665
-19.1725
-16.5625
-24.6406
-21.6796
-14.9515
-3.6875
-19.9095
-12.8885
-14.8985
-15.9515
-20.4735
-23.7176
-3.3935
-25.9655
-27.0906
-21.0116
-25.2206
-21.2056
-7.3785
-15.2495
-23.5926
-23.9825
-22.7685
-23.5496
-11.3175
-3.4945
-22.4366
-2.7495
-27.1695
-15.8235
-24.5746
-8.3845
-7.7765
-14.4235
-4.5645
-26.1176
-21.5965
-22.0795
-8.5715
-7.3045
-23.7085
-10.9985
-6.8305
-9.2055
-28.7805
-22.2335
-20.6465
-15.5625
-23.4866
-13.4515
-29.1255
-23.4745
-7.6685
-19.8746
-15.6605
-24.1155
-2.9205
-24.2896
-18.7695
-29.4896
-22.4966
-20.1975
-23.0066
-27.3875
-12.7125
-23.1025
-4.5295
-7.3755
-5.8405
-20.7395
-11.0625
0.5956
-16.2015
-7.6035
-20.0755
-22.7315
-20.6786
-16.6135
-4.4505
-17.2095
-22.2535
-20.6415
-13.5325
-10.6915
-21.7375
-15.1175
-23.2646
-13.8135
-13.7325
-19.3946
-18.9695
-18.4205
-21.3176
-23.1536
-5.1355
-27.4146
-19.7285
-21.2986
-20.3395
-14.4145
-20.3466
-25.0115
-24.2485
-23.4095
-23.6195
-22.3055
-16.6025
-29.5205
-29.5916
-8.1135
-27.1765
-13.6195
-20.6885
-23.7435
-27.6315
-21.2555
-19.5145
-6.4265
-14.8505
-6.6125
-9.6365
-6.2245
-23.3056
-23.1615
-20.8825
-15.9655
-16.1445
-28.9976
-11.1815
-7.9355
-21.0175
-8.8425
-29.0345
-4.4515
-24.6936
-27.7295
-22.2866
-23.1135
-13.5315
-19.6495
-32.5665
-10.2605
-18.9066
-5.6135
-29.4975
-24.2515
-5.6585
-5.8915
-13.1135
-22.7066
-4.8345
-28.6156
-15.3385
-7.3595
-20.2695
-23.2545
-18.4635
-15.8035
-17.0495
-23.6035
-11.5645
-5.3565
-23.5286
-6.0165
-15.2365
-24.1425
-15.4885
-6.1585
-20.1415
-9.0885
-10.5935
-22.6436
-6.4655
-23.8135
-10.3475
-15.9955
-23.8915
-1.8264
-23.4705
-8.7275
-28.8856
-15.7575
-26.4866
-20.1425
-9.6595
-7.5825
-21.4805
-24.1795
-5.6545
-6.3795
-6.0995
-6.5845
-22.5495
-26.7225
-21.0185
-29.2915
-23.1016
-10.4395
-17.8815
-23.2545
-7.9905
-22.4825
-7.6865
-5.8175
-9.1835
-4.7715
-22.2965
-12.6545
-16.1785
-15.3425
-20.5356
-17.0835
-5.3715
-20.4566
-10.0045
-13.8585
-17.2365
-19.2365
-16.4345
-10.0675
-6.5545
-20.3115
-20.7896
-7.0885
-21.9986
-24.3855
-15.9515
-2.7945
-10.8825
-13.2575
-14.0195
-27.1785
-16.6545
-19.1725
-22.9306
-7.8565
-5.5385
-8.5115
-6.2745
-11.3505
-5.4485
-19.8105
-19.7586
-7.1155
-17.7435
-22.2505
-17.7585
-9.1335
-8.6245
-3.5085
-23.4995
-3.4785
-28.6475
-26.3046
-15.9005
-9.4345
-26.9586
-21.0535
-6.3175
-4.7565
-16.9075
-18.2195
-4.9675
-16.5475
-17.8055
-11.2555
-7.1725
-8.1195
-19.9525
-7.0685
-9.4145
-7.2135
-5.1725
-6.5255
-8.7065
-16.8435
-6.0345
-11.3785
-21.7646
-10.3235
-29.2275
-22.0095
-23.0876
-1.8445
-6.9975
-6.2725
-8.9355
-23.1866
-23.4375
-9.9255
-21.5155
-8.7125
-26.3985
-24.3215
-23.9326
-16.8485
-24.4205
-8.7185
-9.2315
-7.3735
-7.5375
-3.4815
-21.2535
-10.3185
-2.1525
-16.0515
-11.0475
-23.6215
-15.8655
-15.1915
-13.5175
-2.7474
-22.8615
-14.2635
-23.8175
-7.2595
-27.2605
-17.6325
-19.0055
-13.6565
-18.1785
-10.9175
-27.8166
-4.5705
-4.6095
-4.6095
-3.9575
-6.5715
-4.5165
-29.4895
-9.8305
-10.7945
-20.0235
-6.3915
-6.6735
-6.1495
-4.3925
-6.0045
-8.4785
-7.8455
-7.9365
-6.0475
-9.1275
-5.4155
-6.5135
-10.3785
-8.6585
-16.9835
-28.5715
-20.9145
-18.7795
-8.9975
-17.8355
-4.8135
-6.0965
-14.0355
-6.1345
-19.6275
-19.1835
-7.1715
-28.2096
-29.2355
-23.0915
-5.8315
-28.4836
-22.5465
-13.1825
-21.2066
-29.4676
-9.7515
-27.6895
-26.8585
-6.1895
-17.6145
-12.3565
-8.6645
-13.4755
-5.7005
-6.1505
-20.1516
-11.7835
-21.9766
-15.3235
-20.7906
-7.2665
-25.7706
-11.3835
-19.8995
-24.8875
-21.3746
-0.8424
-23.0505
-10.8065
-25.4085
-17.8875
-6.5165
-27.2176
-12.8945
-28.3936
-12.7895
-21.1685
-21.2456
-6.7535
-30.8135
-22.5715
-19.7185
-26.9296
-22.1865
-17.0835
-12.5635
-22.5995
-27.5076
-21.5326
-16.6195
-23.0805
-27.6005
-22.0296
-14.6825
-24.1095
-4.5205
-21.8436
-22.5655
-19.5515
-7.8755
-9.7415
-1.8955
-5.1465
-25.2605
-22.5236
-27.0535
-29.5976
-29.4685
-19.3916
-21.6795
-7.3745
-13.6435
-9.5945
-22.9235
-23.0085
-6.6145
-23.3105
-15.9035
-27.1666
-22.7316
-7.0845
-20.9675
-23.0866
-13.0505
-21.7205
-6.9005
-22.4315
-11.2225
-6.1205
-21.5555
-2.8795
-1.2684
-12.0925
-6.4145
-20.4406
-16.1185
-26.7215
-24.2865
-21.6765
-21.5116
-24.0795
-22.4155
-22.7555
-22.3405
-19.8015
-27.1335
-16.2535
-3.4585
-6.1825
-22.3716
-5.8585
-12.1365
-29.1435
-10.6665
0.0386
-7.5555
-15.5685
-22.5025
-5.1155
-20.8065
-13.0195
-20.1465
-9.6665
-17.0775
-27.5675
-9.4445
-21.6756
-7.6865
-26.8565
-21.9846
-9.1685
-4.8575
-3.4835
-12.7415
-21.4836
-7.2595
-2.0605
-14.6635
-26.1116
-0.7954
-3.3965
-20.6445
-22.6536
-15.6215
-11.7115
-23.5466
-23.3196
-17.2995
-27.4186
-9.5325
-6.4065
-26.3686
-17.8425
-14.3365
-14.3885
-10.3495
-10.6585
-25.8785
-6.9045
-6.8395
-14.4885
-24.3195
-15.0505
-29.2116
-3.3005
-7.7065
-3.4285
-8.9645
-3.1024
-7.6145
-23.3475
-23.5485
-25.7796
-23.0035
-26.1445
-14.7565
-22.9605
-25.9415
-20.2586
-20.3586
-5.8095
-8.0135
-24.5165
-8.8395
-29.5895
-14.1455
-10.7165
-18.7826
-18.8636
-29.6756
-21.8676
-9.4485
-14.0175
-1.8564
-5.3695
-22.1085
-2.0435
-22.6115
-28.8476
-21.6145
-0.7654
-3.8775
-13.4415
-9.0125
-12.7785
-8.8035
-4.5995
-3.8905
-2.2415
-0.7144
-21.2595
-29.5496
-21.0436
-28.4495
-14.1035
-26.7615
-9.2365
-19.5165
-6.7705
-11.1335
-27.4625
-6.2945
-13.0035
-3.1245
-7.4435
-7.1215
-24.5565
-9.7105
-20.4135
-8.9415
-26.8025
-7.0605
-22.3086
-23.6165
-23.4855
-20.3786
-30.3536
-27.3545
-9.7965
-21.7995
-9.5775
-22.9196
-18.5085
-19.4135
-23.7455
-22.7365
-22.2145
-24.0025
-23.4255
-20.4415
-20.0565
-26.3555
-24.4185
-21.6986
-1.3554
-6.8425
-19.7126
-26.1495
-22.4496
-29.3286
-25.1135
-19.3325
-3.2265
-22.1465
-6.0885
-20.2575
-10.7385
-23.7065
-17.9815
-15.5635
-3.5235
-7.4635
-7.2005
-26.6116
-29.5665
-12.5305
-9.1185
-3.6255
-15.6865
-21.6035
-6.6015
-10.5485
-25.2415
-18.4745
-19.9865
-18.5925
-21.8696
-14.8555
-3.7165
-13.9095
-3.1015
-7.1255
-25.8185
-20.2846
-28.2785
-6.5345
-29.5246
-28.2565
-24.7055
-15.3975
-5.5195
-3.6325
-26.4735
-19.5585
-15.4445
-9.1525
-10.0575
-7.2675
-19.2235
-23.6686
-23.9015
-3.3845
-17.9715
-5.9535
-7.3895
-5.5165
-27.6325
-0.1154
-19.9965
-17.3745
-25.2955
-3.4465
-16.2235
-28.8296
-1.8044
-22.5275
-18.6615
-21.1675
-24.4545
-21.1946
-20.3595
-3.5425
-19.9665
-22.7826
-19.2235
-9.3835
-6.0795
-4.1665
-11.4295
-5.6815
-22.4545
-20.1795
-7.3135
-12.8705
-3.5815
-5.6755
-4.6845
-15.0565
-21.0646
-13.5335
-9.3055
-30.1276
-17.2195
-21.6826
-17.5695
-22.4095
-11.1965
-19.9795
-16.2635
-24.2816
-21.4126
-9.5675
-23.2585
-6.3715
-20.8916
-27.4945
-21.1956
-3.5695
-20.2415
-3.5695
-8.1195
-21.1345
-10.9545
-9.5295
-14.2425
-11.0305
-22.2925
-22.9665
-20.8195
-15.6755
-20.6175
-14.7415
-27.1966
-2.0654
-25.0925
-7.2505
-2.5845
-21.4685
-26.7785
-20.3336
-19.8435
-7.2995
-22.3726
-16.5465
-10.5785
-23.5236
-22.4326
-1.8845
-5.7435
-22.9296
-3.4925
-20.8505
-27.1035
-24.0876
-18.3255
-5.5645
-6.9965
-21.7586
-4.7895
-7.0885
-14.4235
-18.1275
-6.4865
-28.6525
-2.0085
-6.0685
-13.2565
-18.8715
-10.0275
-9.7545
-22.6826
-28.6836
-21.2615
-20.7735
-15.1555
-20.9075
-21.3265
-29.1636
-27.2236
-18.7255
-26.4626
-21.2995
-6.4415
-10.7635
-16.8665
-7.2155
-22.9476
-10.2465
-10.4385
-21.1905
-10.0045
-22.4336
-7.8895
-22.9575
-9.6035
-29.6896
-5.8315
-16.7355
-16.0085
-15.1725
-17.4445
-13.1135
-5.1075
-18.6045
-3.4675
-7.6315
-24.0625
-8.1195
-28.6925
-11.5595
-25.4775
-3.2295
-17.7325
-29.3656
-20.7315
-15.3215
-9.7255
-28.6516
-18.5475
-11.5505
-3.7435
-19.2165
-28.8016
-31.5886
-29.5386
-2.8645
-15.0235
-22.8806
-16.1275
-5.1885
-31.1076
-21.5085
-14.7455
-1.5284
2.4296
-3.9095
-13.0055
-29.1656
-18.0865
-18.0935
-28.3146
-28.3296
-4.3065
-7.0245
-11.9665
-11.8595
-23.9385
-13.7765
-22.6136
-23.1485
-13.0035
-20.4646
-12.0655
-20.9526
-21.1316
-10.4275
-9.3075
-3.3195
-7.1475
-12.6265
-20.9935
-13.2295
-19.8006
-13.7335
-21.3765
-18.4595
-22.6215
-17.8395
-28.4595
-19.2305
-22.4075
-5.7955
-16.5045
-22.1206
-21.0426
-11.7105
-23.3766
-7.6415
-26.8996
-23.0655
-13.0355
-6.3725
-7.7425
-6.9735
-23.1816
-21.2165
-6.9165
-16.5825
-10.3205
-21.2366
-16.4065
-20.8465
-2.1864
-20.6945
-28.5365
-13.5995
-22.8086
-3.4665
-15.3215
-21.1355
-20.9135
-14.4745
-6.0915
-22.8836
-14.7205
-27.3625
-10.8235
3.8806
-14.4555
-10.4435
-10.2185
-10.4925
-22.9145
-10.0795
-4.6315
-15.7755
-10.8555
-3.9795
-21.0165
-23.1775
-28.6785
-21.4665
-15.0225
-23.3315
-22.2335
-28.6596
-24.5295
-18.0595
-9.8145
-28.7246
-18.4755
-27.9945
-14.9575
-11.7255
-29.2146
-24.1216
-14.7945
-10.5585
-20.3865
-27.6075
-24.6735
-20.7635
-7.1165
-14.0995
-6.4785
-19.7505
-26.9035
-23.1845
-2.2695
-25.9075
-29.4105
-21.7785
-11.6065
-23.4325
-6.4555
-22.2826
-15.1435
-20.5345
-10.3165
-21.3345
-29.5836
-13.8105
-22.7596
-14.2895
-21.1045
-6.7345
-4.9215
-26.9405
-13.0275
-14.4765
-25.3075
-19.9865
-22.7665
-20.8565
-10.4115
-14.3645
-13.0265
-18.4375
-9.9825
-13.8385
-13.9965
-22.7786
-23.4725
-14.7975
-7.0925
-7.6325
-7.4805
-2.8475
-3.8885
-29.0296
-29.4725
-6.6785
-29.3766
-19.1365
-15.8035
-28.7846
-25.6335
-28.0645
-12.8195
-21.1265
-13.7425
-28.9906
-10.5675
-4.7075
-23.5975
-10.8205
-29.8576
-8.0875
-24.4665
-19.8765
-11.2335
-24.4385
-1.2064
-27.2866
-12.9915
-10.9045
-19.6905
-18.7116
-16.3715
-28.6376
-17.8925
-14.6735
-20.9925
-9.9635
-2.6215
-12.9315
-5.1215
-27.9095
-16.0345
-29.7355
-17.4685
-16.0595
-29.6786
-12.8085
-26.4445
-21.4685
-11.4135
-11.7105
-22.6695
-23.7645
-11.8245
-8.9155
-27.5745
-9.9505
-5.5345
-17.4155
-6.4495
-13.2445
-7.1475
-4.3315
-12.2905
-5.2885
-14.9065
-27.5635
-10.3175
-27.7475
-16.0175
-20.7305
-1.9184
-4.4915
-22.4395
-7.0255
-2.0035
3.8426
-21.8616
-22.9415
-7.2285
-4.1395
-9.5365
-9.5015
-5.8415
-10.0585
-5.9565
-17.3975
-20.7375
-22.0685
-8.0095
-2.9985
-11.3675
-6.9915
-20.6965
-10.7085
-12.3175
-21.3396
-9.5195
-19.7305
-20.6145
-20.4316
-22.1535
-20.1825
-1.7664
-20.5066
-17.0315
-20.7205
-28.3596
-7.7455
-8.6205
-6.2445
-24.2085
-23.5336
-22.3185
-29.8876
-21.7975
-27.4836
-1.5484
-12.0175
-7.8835
-6.7555
-22.9795
-23.4055
-27.3415
-6.7015
-9.1675
-20.5215
-22.2836
-20.2886
-10.7165
-7.6205
-26.6945
-21.4895
-16.2205
-18.0715
-24.8055
-20.0015
-10.9705
-18.2345
-21.5625
-3.8385
-4.1735
4.4306
-3.9845
-10.4535
-2.5325
-4.2255
-3.9885
-15.1605
-16.3645
-7.3555
-17.0725
-7.7785
-15.5175
-27.2525
-23.4585
-27.7115
-18.9085
-27.9296
-20.3715
-21.2896
-7.8565
-9.6725
-20.3905
-16.7335
-5.7425
-4.7455
-27.6456
-21.3756
-26.3485
-4.1505
-8.6835
-30.2586
-21.0835
-10.1675
-26.4845
-14.2675
-25.4296
-27.5836
-27.8995
-8.7275
-20.4165
-9.4075
-5.9785
-2.6455
-7.8605
-12.5295
-16.8055
-6.6135
-9.0045
-13.0445
-17.3245
-16.7965
-24.8935
-22.7895
-27.3555
-27.0685
-16.7355
-24.2845
-18.1775
-28.2935
-19.2255
-8.6645
-21.3565
-30.1916
-9.7485
-19.4495
-26.3706
-7.1045
-19.8605
-22.6116
-17.2225
-3.4105
-2.9955
-21.5476
-22.4135
-28.5946
-22.1626
-6.4335
-23.3866
-3.4395
-26.6145
-21.0165
-23.2815
-29.6695
-10.1765
-22.5546
-6.2115
-13.4435
-4.0975
-12.6155
-6.4865
-22.9305
-25.5206
-19.6775
-18.9165
-9.6655
-23.3895
-22.6345
-20.1035
-8.9215
-14.4325
-23.0735
-23.8935
-19.2745
-21.7835
-7.3215
-23.2185
-12.6915
-5.7745
-6.0685
-16.9485
-5.2235
-23.0815
-29.6386
-12.1755
-6.6885
-9.2545
-2.6285
-10.6885
-9.4655
-24.7156
-20.3045
-10.2275
-2.9055
-5.9165
-8.0915
-5.6825
-29.6296
-6.4365
-22.3906
-29.4535
-20.6516
-19.3535
-6.2795
-7.1385
-6.1805
-5.8585
-22.2096
-7.9955
-9.2385
-29.3166
-29.7486
-28.2635
-20.7195
-26.7805
-6.6025
-16.0765
-24.6265
-26.2295
-7.0245
-18.5795
-7.6685
-18.9445
-21.1536
-20.6395
-6.1105
-22.4296
-15.4645
-7.8335
-7.5405
-5.2765
-6.1115
-7.8975
-7.7145
-20.8746
-26.2085
-21.3185
-22.7616
-2.7195
-6.5945
-7.9415
-8.1445
-22.5785
-18.4275
-9.4085
-27.7035
-20.0315
-26.0405
-9.3665
-27.9626
-4.4455
-17.4285
-29.5526
-7.9665
-11.8345
-23.9135
-18.5495
-22.3525
-8.4975
-16.0055
-22.7936
-20.5215
-5.4545
-7.4275
0.7776
-20.5975
-20.2585
-20.8306
-5.1505
-6.7575
-10.6175
-5.5835
-16.6235
-22.2436
-20.2485
-12.1505
-31.7335
-7.4025
-15.6075
-28.4366
-20.2575
-22.7426
-4.5745
-11.1925
-22.8155
-19.2285
-8.9685
-10.0145
-5.5225
-18.0305
-24.2756
-2.9735
-18.1015
-4.4255
-8.0685
-19.6185
-31.8646
-6.6335
-21.7066
-6.4395
-12.0255
-1.1924
-10.2295
-28.4235
-31.7726
-7.8295
-3.2945
-21.4205
-5.2605
-10.2905
-26.7696
-3.7935
-21.8346
-19.6335
-8.5955
-19.9535
-19.3535
-21.0915
-20.6385
-23.0765
-6.0455
-2.5784
-19.1585
-27.3735
-4.3835
-23.8965
-23.8055
-25.8245
-17.5295
-24.3206
-18.3575
-8.3585
-9.0695
-27.5356
-9.3935
-16.0955
-22.5056
-10.4065
-21.5925
-7.1985
-13.1525
-21.5096
-29.4446
-6.4385
-26.7646
-7.0775
-6.5555
-23.7126
-19.7596
-20.2456
-21.4695
-20.4715
-26.0986
-10.0035
-7.2675
-9.5975
-14.7645
-23.8136
-6.2695
-6.9025
-6.8445
-20.4845
-11.6735
-6.2455
-13.4835
-14.4935
-22.9246
-3.6085
-9.4755
-10.7435
-21.1865
-11.1395
-4.0285
-19.7275
-25.4456
-27.5115
-27.8746
-26.0305
-29.3465
-23.7935
-26.8485
-22.7796
-25.6965
-10.5675
-22.5136
-27.2105
-2.5214
-31.5785
-27.0515
-18.4065
-11.8135
-29.0966
-16.0595
-6.8385
-3.8945
-21.8685
-5.8045
-22.6146
-23.0546
-17.3035
-20.5085
-22.7255
-3.9285
-22.6296
-13.7625
-24.5265
-23.1945
-19.9075
-21.9995
-10.7385
-20.6856
-21.0915
-22.5286
-22.4016
-16.4275
-9.6245
-3.7275
-21.6566
-28.0455
-17.3455
-23.3976
-22.2755
-25.4426
-6.7745
-21.9965
-31.4485
-22.4135
-27.4205
-21.2766
-15.8525
-17.3015
-4.2475
-14.9405
-4.2735
-11.7305
-6.7805
-24.7575
-23.2315
-21.0095
-19.6835
-7.4715
-10.4435
-20.8355
-20.4655
-3.8685
-10.2765
-15.4535
-23.0075
-13.2595
-27.3295
-14.6705
-25.7165
-21.0345
-27.0705
-14.6585
-20.1385
-22.6385
-23.5286
-8.1865
-4.7465
-7.0775
-5.6235
-6.4035
-29.4506
-9.3135
-6.5755
-21.7816
-9.8065
-10.7085
-14.5305
-16.2575
-21.7885
-19.6206
-12.4315
-20.7855
-6.7705
-8.1415
-26.7416
-22.1095
-19.2245
-21.7365
-1.3904
-25.0955
-22.5365
-21.0235
-15.9345
-25.6746
-17.5265
-20.4415
-28.0595
-27.4846
-12.0915
-27.1586
-10.7445
-16.7645
-20.4165
-27.6545
-26.8725
-15.2265
-20.1675
-18.1245
-16.6315
-16.7535
-10.8625
-19.9545
-4.7455
-23.1765
-13.4415
-20.9635
-22.7565
-6.0245
-29.7026
-17.8155
-7.5355
-15.7435
-1.9365
-17.3545
-3.8935
-9.5885
-30.0336
-10.8785
-6.9675
-11.6095
-25.5456
-25.5475
-27.1586
-9.0455
-9.9175
-1.7484
-9.1585
-5.0685
-11.5355
-15.8535
-15.3245
-23.2156
-21.8545
-20.6736
-6.3385
0.7126
-27.8565
-27.5755
-21.6995
-10.7085
-22.4206
-10.1865
-22.7725
-1.8935
-16.4505
-26.2385
-8.7625
-27.7365
-26.1615
-8.2695
-27.9065
-14.0935
-17.8075
-7.0915
-22.8436
-15.5955
-21.0435
-5.6685
-22.2305
-22.1946
-29.1715
-27.2586
-15.8375
-21.8515
1.7426
-17.3415
-23.0395
-21.3595
-21.0586
-29.1976
-24.0066
-5.3935
-1.8004
-26.0205
-7.6915
-19.3075
-5.6675
-22.8085
-20.7455
-19.7515
-22.1005
-22.0065
-20.7696
-23.2785
-27.2235
-11.2965
-5.2905
-21.7635
-2.0344
-27.0516
-14.6895
-6.1065
-2.9284
-18.6375
-21.0995
-8.5395
-18.6145
-29.5196
-11.1765
-2.3875
-27.2776
-18.4185
-22.1265
-2.5915
-13.4495
-3.4075
-21.8765
-0.9434
-8.3315
-11.8285
-15.5285
-2.5105
-22.8515
-26.4425
-7.7375
-17.2515
-29.2445
-21.5375
-10.2115
-28.7576
-19.4825
-25.2135
-10.4245
-5.4675
-29.0025
-7.1615
-23.2996
-30.3885
-19.2745
-24.2795
-22.2485
-23.5675
-0.9014
-22.4075
-25.3666
-27.8215
-24.5755
-9.3195
-25.4505
-8.5795
-10.9785
-7.3585
-22.7165
-21.7995
-22.5376
-20.7406
-12.4765
-23.0845
-29.3535
-10.7535
-26.7265
-23.8525
-22.0735
-28.7425
-8.8285
-18.4485
-22.1076
-25.8726
-5.8435
-7.7205
-7.0315
-11.4125
-4.9715
-6.2545
-5.1995
-5.0745
-6.1955
-6.0765
-12.4085
-23.0126
-25.1205
-22.2295
-23.0705
-24.3075
-27.6736
-2.4235
-19.9675
-20.1026
-25.7675
-25.6215
-8.0545
-21.5256
-8.7375
-4.2265
-8.0295
-23.2676
-9.4875
-27.6645
-20.2406
-6.2385
-22.2215
-21.8885
-24.4886
-29.1116
-9.6225
-6.9035
-26.1585
-4.1425
-22.4695
-20.9226
-24.6505
-15.0805
-25.8395
-19.3266
-21.0636
-20.6035
-29.8135
-11.4955
-6.5505
-7.3625
-11.7465
-7.2435
-11.0695
-11.8105
-7.1425
-6.4385
-16.2305
-5.9365
-8.1345
-13.6095
-6.2635
-7.6935
-6.4435
-16.0065
-10.1255
-5.8155
-10.7285
-15.3155
-15.4475
-5.9305
-20.4435
-24.6575
-11.0475
-7.6915
-10.8345
-8.5145
-22.0675
-24.2215
-12.9425
-23.1945
-20.4575
-19.7675
-15.4595
-23.4085
-22.7845
-21.8375
-24.0995
-23.7116
-21.1785
-21.1916
-16.4855
-7.5585
-10.5395
-20.0815
-21.5875
-21.7265
-20.0885
-25.7335
-19.2656
-23.7625
-22.7086
-25.4915
-9.9755
-15.2415
-24.3245
-25.1906
-21.8025
-20.2266
-22.7236
-22.4115
-9.7055
-11.4005
-26.8995
-22.1686
-22.5276
-22.8435
-13.5795
-22.9036
-14.4115
-26.9496
-5.2735
-27.1936
-13.1285
-16.6085
-27.2146
-20.2426
-9.2935
-26.7386
-27.3005
-20.8556
-8.6645
-28.1316
-32.0356
-23.7446
-7.7755
-9.4785
-20.2655
-7.3115
-26.2546
-19.4495
-26.1066
-21.4586
-20.8636
-19.1945
-29.9906
-15.6105
-19.9296
-21.2756
-22.0896
-2.6995
-17.7745
-11.4855
-27.8616
-9.3445
-6.8035
-17.7985
-18.9185
-18.2945
-19.9905
-29.6416
-27.0675
-21.0226
-23.8285
-29.2846
-19.9535
-21.6306
-26.9236
-27.4715
-21.2006
-8.8515
-5.7885
-7.7425
-28.2585
-23.3105
-29.6516
-11.7335
-18.8835
-26.6765
-24.6035
-27.7675
-27.8285
-10.838
-23.4115
-4.7765
-16.4715
-28.1315
0.9456
-22.5805
-2.9345
-20.9796
-10.6965
-24.2785
-30.2585
-14.8365
-22.8986
-9.8335
-16.4085
-21.3015
-15.1645
-16.3755
-20.1795
-4.0965
-4.9405
-12.2845
-5.8815
-19.8865
-23.3185
-21.4605
-18.6665
-6.5425
-19.8655
-27.7075
-21.8845
-8.3285
-28.3935
-21.3415
-20.7725
-23.5326
-26.9806
-7.1035
-7.9365
-11.0325
-7.3575
-26.1705
-8.0675
-16.1705
-12.8715
-0.6294
-7.2855
-21.6245
-8.9765
-26.6095
-22.8475
-23.2016
-16.0035
-23.6495
-15.1305
-23.6015
-29.0885
-25.7845
-22.8935
-26.9055
-12.9715
-28.1265
-29.4386
-0.7534
-7.1405
-5.3485
-27.9505
-16.1985
-12.5375
-22.4565
-28.6386
-8.3615
-21.2435
-20.0325
-23.2665
-11.9585
-19.9595
-16.5745
-19.9785
-21.9596
-1.2244
-28.3585
-21.2466
-22.7545
-23.3976
-9.7365
-11.9135
-7.7395
-26.9616
-23.5175
-28.1625
-29.4696
-20.0895
-6.2295
-6.5335
-8.2405
-16.2785
-7.8215
-22.1405
-21.2915
-14.9615
-21.8275
-17.3165
-21.1206
-22.9535
-16.0985
-0.6644
-7.9575
-20.2366
-7.1855
-22.8995
-29.7185
-10.1555
-5.8045
-18.8275
-21.4635
-23.0385
-15.7695
-16.6905
-7.1575
-20.2115
-8.1635
-9.1125
-5.5015
-22.4575
-24.8605
-6.7205
-2.2315
-26.9385
-17.8145
-16.9835
-13.2925
-22.6385
-7.6215
-3.6675
-15.2985
-23.3166
-23.0035
-1.2994
-0.4144
-25.8215
-19.3095
-20.1016
-25.4075
-21.6855
-8.9545
-19.7705
-15.4295
-6.8725
-4.0695
-11.3515
-9.6035
-1.5174
-2.6295
-11.9025
-20.3846
-30.3405
-29.6845
-5.8405
-8.8095
-22.5675
-13.3985
-8.8555
-19.4495
-20.0416
-7.8405
-29.4986
-24.9395
-1.3524
-16.2495
-18.1905
-8.7975
-21.9556
-23.1515
-21.3515
-23.1085
-4.3325
-3.5165
-7.1145
-3.1445
-22.0296
-11.0095
-21.5636
-22.1495
-19.8756
-17.3265
-19.3606
-15.1355
-21.3035
-21.7105
-22.2526
-10.8615
-13.8125
-20.1435
-27.8715
-19.5305
-16.0855
-28.0396
-10.6465
-21.4735
-6.7995
-9.4335
-29.1366
-11.4495
-20.2455
-19.9366
-12.7725
-7.1165
-29.1696
-13.7145
-25.0525
-10.2825
-10.4705
-7.3785
-26.7796
-14.4385
-25.4475
-26.6195
-6.4345
-18.8395
-33.5196
-11.2565
-12.9835
-0.0584
-30.8725
-20.2535
-21.2496
-21.2876
-7.5555
-23.4446
-19.0065
-3.4615
-9.5055
-7.1885
-21.9506
-21.6016
-9.3785
-23.7555
-20.8985
-30.8915
-20.1086
-3.1165
-5.9585
-9.1685
-19.3645
-6.9485
-19.1695
-10.2915
-6.7715
-7.3845
-20.7886
-12.0175
-2.4435
-6.4905
-0.9294
-29.1925
-26.6395
-14.4985
-12.5475
-27.6886
-10.7895
-2.5005
-21.9775
-7.2185
-23.6645
-28.2995
-6.3115
-21.0875
-17.5615
-29.8186
-23.2955
-28.5115
-16.4845
-12.9695
-6.9815
-21.5396
-22.6066
-20.9466
-20.9375
-21.7586
-22.7355
-15.9405
-20.3146
-3.1024
-18.4665
-16.5345
-22.1166
-14.8065
-15.8665
-20.0875
-28.4975
-23.4945
-22.8276
-28.3965
-15.3395
-19.2285
-26.0705
-1.1524
-4.8695
-6.0475
-27.8515
-27.8245
-12.4305
-21.8515
-27.9085
-18.2975
-22.6985
-7.4305
-21.6385
-23.9616
-21.4575
-4.0495
-3.3345
-8.8085
-6.9015
-6.4865
-2.6965
-21.5826
-5.0935
-22.6896
-26.2506
-5.9155
-6.3425
-8.5235
-26.4755
-3.3615
-23.6946
-27.9016
-28.6615
-10.1285
-20.6256
-8.9625
-0.7504
-23.6236
-8.3265
-27.0785
-22.0185
-23.3155
-11.0155
-27.2676
-12.3635
-11.5035
-13.3985
-26.5585
-10.7915
-19.5275
-6.8145
-5.5385
-6.8105
-1.6754
-7.6365
-5.5765
-19.1446
-19.8656
-28.5316
-12.8475
-11.9035
-12.6055
-7.0835
-18.5915
-11.6175
-13.4025
-5.9335
-10.1685
-6.6455
-6.3765
-21.6466
-15.9495
-6.6195
-10.3335
-20.3595
-29.5505
-8.2385
-15.9315
-21.4706
-20.7105
-29.4486
-19.8635
-5.1235
-12.6285
-20.7896
-12.0625
-6.2515
-5.9755
-1.1694
-7.2515
-26.2436
-30.3365
-11.2295
-0.1304
-19.0176
-19.3955
-20.9236
-18.8365
-6.4015
-18.9005
-22.8276
-18.3385
-3.6065
-5.7935
-10.0305
-19.9835
-5.9935
-19.8265
-18.0045
-21.8926
-12.4335
-19.3115
-29.9596
-23.7285
-25.8285
-8.8765
-2.9555
-27.2766
-20.6415
0.9506
-21.6406
-21.9695
-6.8175
-3.9565
-16.8535
-21.9306
-16.8155
-0.8504
-15.9295
-5.5145
-27.8205
-6.9425
-14.7065
-20.3895
-14.8845
-20.5135
-22.8046
-0.7694
-21.1366
-5.3585
-3.8195
-22.8525
-7.3915
-3.5545
-26.6186
-23.9805
-5.2715
-20.3946
-18.7215
-27.0985
-19.3396
-16.5425
-15.3145
-6.4615
-21.2685
-8.3585
-29.6145
-6.7295
-6.7185
-5.1145
-29.2236
-8.0795
-25.6835
-6.4955
-18.5485
-21.5406
-28.2946
-20.5815
-20.0495
-8.4325
-28.4996
-23.4335
-23.7415
-25.7065
-27.6156
-20.7185
-20.5935
-23.9165
-8.8985
-6.9415
-9.0105
-19.7015
-18.3245
-9.5585
-19.7105
-15.0845
-27.7805
-24.8385
-7.2495
-6.8475
-6.0755
-7.1215
-7.7385
-2.5624
-21.3586
-22.3296
-22.6456
-7.8615
-7.1635
-6.2135
-21.0256
-6.3165
-26.4555
-27.6636
-18.4795
-3.8115
-7.4795
-19.9296
-29.0445
-29.5286
-27.7255
-11.4125
-18.2755
-20.0056
-32.0156
-27.7695
-7.4945
-6.8725
-16.4655
-13.4475
-21.5965
-20.8205
-6.7765
-6.4495
-29.5316
-22.1516
-10.8045
-28.7486
-5.0515
-23.1796
-7.3915
-25.5356
-15.6215
-7.2515
-7.0855
-29.7606
-22.1166
-8.0025
-23.8536
-26.3595
-9.1695
-31.3656
-28.3266
-2.5305
-16.5255
-3.6705
-23.2225
-6.8255
-9.3185
-4.3805
1.0046
-14.8635
-28.4085
-6.9275
-23.4035
-22.7315
-28.9715
-27.7075
-28.1656
-29.5385
-18.7165
-4.0405
-25.8745
-6.2125
-23.8786
-5.8645
-26.6905
-13.0485
-28.5635
-7.2505
-5.1255
-10.3885
-20.7075
-13.2755
-7.5865
-1.6274
-11.6815
-25.3485
-26.7255
-17.0595
-5.5045
-5.5555
-9.7815
-9.2665
-28.1835
-15.3505
-23.5485
-28.0215
-3.3785
-5.8955
-5.8985
-22.5495
-5.0855
-22.8396
-16.0015
-29.4216
-21.1275
-27.7715
-27.5666
-28.1245
-24.9365
-23.8655
-22.8245
-5.9295
-18.3665
-29.6215
-22.7475
-6.8265
-20.1706
-5.7995
-7.0225
-5.1055
-9.0155
-5.0215
-16.3695
-23.5296
-20.2455
-19.7396
-12.7445
-9.9345
-23.7605
-23.4655
-22.1596
-1.7184
-21.7115
-21.0726
-7.0835
-21.9576
-19.4986
-29.5876
-18.0845
-20.2765
-20.9175
-12.5135
-19.2925
-22.2185
-5.2575
-2.5725
-8.1525
-30.1615
-21.4795
-18.9915
-21.7225
-20.9135
-20.7845
-5.9735
-23.5385
-27.5585
-29.0476
-11.9755
-27.7875
-29.3696
-23.9635
-6.2165
-21.7135
-29.6925
-2.8945
-7.5915
-7.0955
-12.7285
-12.9895
-29.6386
-23.9115
-6.9475
-21.9956
-29.8396
-22.7486
-22.9206
-27.9445
-23.4445
-23.6416
-18.7845
-23.2735
-20.0355
-11.6005
-9.5635
-4.0395
-12.7385
-25.6945
-26.9245
-10.9415
-26.4136
-12.4195
-27.1495
-20.6555
-10.8175
-14.5735
-7.5665
-27.4785
-27.6355
-29.2695
-28.6295
-20.3675
-20.1096
-9.0665
-5.2565
-22.5876
-16.7085
-21.8016
-6.0365
-20.9126
-6.1635
-10.1515
-22.1645
-2.5915
-5.4435
-17.9475
-5.5885
-9.3545
-3.3515
-28.0315
-24.1135
-10.4635
-20.7946
-18.8925
-21.0286
-30.6116
-9.7465
-28.7126
-20.4745
-6.9345
-11.7985
-29.3835
-21.9096
-22.7446
-20.1296
-26.7295
-21.3115
-18.3625
-7.4835
-6.6875
-19.4385
-6.4175
-5.1705
0.8956
-13.5725
-19.1115
-17.7835
-12.7615
-7.2155
-22.6126
-6.6665
-12.0925
-12.1605
-7.1785
-7.9865
-21.2115
-21.5485
-1.8565
-18.3065
-15.8295
-25.3805
-21.8906
-6.8205
-11.6645
-6.2765
-6.1105
-7.9335
-18.6055
-11.4165
-23.0375
-8.0745
-23.0595
-27.9805
-30.4606
-21.1385
-6.7515
-24.3886
-28.1315
-19.4665
-23.9705
-17.6005
-27.4335
-5.7775
-20.8095
-28.5986
-20.9325
-4.9185
-22.6516
-16.6595
-11.1475
-29.6425
-21.1596
-22.6645
-2.8395
-22.0296
-10.7385
-21.9646
-7.5995
-12.7845
-14.4745
-20.1246
-7.8545
-29.5395
-11.8645
-23.6895
-8.5915
-10.6045
-14.8055
-13.0855
-10.3505
-6.1045
-5.8785
-5.6015
-29.4215
-9.4555
-7.1445
-3.6745
-19.2355
-22.5915
-7.8665
-6.7785
-28.8185
-7.0575
-22.0606
-7.6005
-5.7335
-29.1046
-17.5775
-19.1976
-23.5026
-12.5455
-6.7695
-0.7174
-6.7615
-12.0895
-11.9935
-6.4775
-6.4115
-20.6915
-26.7365
-25.7025
-22.8226
-7.6725
-22.0506
-7.8325
-7.0435
-20.5015
-23.5436
-29.6436
-10.8075
-20.9645
-21.7175
-4.2535
-7.5915
-23.6026
-12.7065
-5.9305
-21.3596
-5.2475
-8.3165
-9.1065
-22.3905
-23.6335
-23.4525
-12.4045
-21.1445
-2.9475
-27.1166
-15.8085
-12.1885
-5.6225
-21.1245
-12.7955
-8.7605
-23.7235
-21.7055
-23.2005
-4.8325
-8.4005
-20.6265
-6.1995
-27.1055
-14.6195
-22.7306
-14.0215
-9.5325
-6.6005
-13.5465
-11.9795
-19.7596
-5.6285
-28.0685
-23.7335
-28.6265
-13.5385
-7.2075
-30.6736
-19.9225
-23.3235
-23.9646
-19.8885
-11.8475
-21.4685
-12.7725
-29.6516
-19.6705
-21.0725
-16.0545
-9.6455
-29.8006
-21.4065
-7.9035
-23.5335
-23.9246
-27.4005
-22.4885
-22.3035
-8.1615
-6.6845
1.5056
-22.7475
-19.2816
-8.4755
-23.3566
-6.0035
-23.0266
-31.2876
-7.6365
-3.3545
-7.2235
-17.5355
-25.3685
-20.6516
-10.9185
-3.9895
-23.3435
-24.3245
-10.2085
-6.4655
-6.1485
-27.3715
-6.9425
-12.3035
-22.5335
-11.4895
-17.8585
-13.6025
-9.9055
-20.4425
-5.0895
-13.7765
-22.4126
-9.0565
-16.3955
-1.0384
-23.7685
-29.5856
-12.3925
-8.2305
-10.5175
-22.7095
-20.7895
-24.1575
-2.1045
-16.0795
-29.4486
-10.2445
-3.7325
-24.5095
-4.8375
-6.1875
-23.1026
-26.6885
-27.2416
-25.9286
-7.5055
-6.4655
-28.8306
-4.2555
-26.8236
-26.6156
-23.2055
-5.0945
-19.5836
-28.5795
-21.1106
-27.3985
-19.0045
-11.1845
-9.5645
-6.3295
-21.1756
-22.3716
-22.7436
-24.7145
-11.3735
-23.7785
-20.9055
-2.4195
-2.8734
-7.9995
-16.1995
-29.4785
-23.2445
-29.3356
-22.4265
-5.1995
-22.0425
-1.0724
-7.8055
-9.9715
-4.5745
-3.2785
-22.0636
-29.9856
-29.2946
-14.9765
-22.9586
-27.4995
-26.1066
-25.4195
-29.4566
-21.6976
-29.5176
-27.7735
-29.5376
-20.2355
-20.7515
-18.2065
-27.6155
-27.4565
-21.3676
-18.3545
-22.1176
-28.5166
-28.5596
-27.0025
-16.6495
-7.7625
-27.5225
-29.9436
-6.5795
-7.8385
-5.8675
-4.5385
-13.5095
-27.2996
-28.4676
-10.9635
-6.7485
-27.6575
-3.7685
-3.7295
-22.8166
-18.9795
-26.9695
-29.1035
-24.9745
-23.8715
-5.2585
-21.9355
-18.5935
-8.7535
-27.9256
-29.0815
-29.4766
-27.7565
-7.6025
-24.5885
-21.3815
-8.9735
-8.3945
-1.6635
-2.2015
-20.9335
-20.0525
-17.2865
-31.4226
-3.5815
-16.6145
-17.8535
-25.0435
-28.9266
-21.8766
-2.7625
-2.9905
-9.8425
-21.1206
-16.2855
-13.2685
-14.3135
-3.8545
-19.6355
-21.1665
-14.2145
-23.4346
-19.7485
-18.9195
-22.5275
-24.5455
-28.0465
-20.9535
-11.3375
4.5956
-14.2855
-6.5185
-3.7565
-6.6485
-5.9915
-11.3835
-10.7335
-17.2565
-7.6965
-3.6775
-23.7665
-15.2935
-16.3585
-4.5865
-28.7955
-26.2305
-19.5305
-26.7615
-11.5335
-9.1635
-20.8875
-23.0875
-29.0475
-5.6425
-23.1985
-14.7715
-20.2465
-3.2085
-21.7845
-14.5255
-15.4985
-16.0645
-3.7185
-28.0156
-3.6255
-20.3516
-2.5365
-14.5935
-7.2295
-16.1335
-3.1315
-29.7555
-3.3145
-11.1255
-27.9536
-21.2025
-28.5186
-17.4645
-12.0825
-28.5126
-15.2945
-9.8635
-10.4495
-29.6045
-29.3986
-29.7876
-13.3705
-22.2466
-6.4085
-11.4125
-20.4225
-22.9715
-21.2285
-16.0665
-28.4786
-26.8645
-22.8896
-27.4896
-19.6086
-20.6716
-20.3275
-27.0075
-3.5435
-15.4035
-21.8325
-23.6036
-21.5516
-17.0455
-18.3785
-4.1945
-20.9316
-6.3485
-6.7725
-6.7895
-9.2395
-17.5985
-11.6075
-11.5295
-15.6475
-6.5455
-11.2595
-23.2116
-12.9715
-15.7015
-22.4045
-17.9875
-29.6066
-20.3406
-6.3265
-24.2465
-8.5755
-12.3065
-22.2205
-29.7155
-12.9605
-6.0445
-25.0585
-7.6035
-28.9366
-7.9265
-15.5895
-25.8815
-17.2235
-17.3995
-19.6635
-20.0366
-7.7715
-7.9035
-19.6925
-29.0686
-27.5695
-30.0816
-20.3906
-3.2205
-16.7425
-7.6575
-27.1625
-22.4095
-17.7355
-20.7545
-5.9945
-9.3715
-3.5625
-28.5605
-27.3926
-27.0085
-20.8666
-6.5075
-0.8584
-23.5085
-15.0085
-15.0385
-6.3145
-28.8636
-28.1075
-28.5355
-7.1365
-30.3445
-5.1885
-18.6156
-15.4575
-10.0125
-18.9986
-20.3306
-12.7415
-23.0305
-20.8735
-16.8045
-22.3336
-18.8235
-18.4765
-25.3815
-21.0105
-1.1974
-27.3675
-21.1715
-28.8096
-27.2915
-6.7385
-26.8816
-20.3196
-20.1975
-14.8665
-28.3515
-8.1185
-0.9384
-3.4625
-2.8805
-26.2775
-4.2825
-21.7715
-22.5236
-23.5476
-20.4235
-12.2875
-7.2335
-6.8495
-12.1205
-22.5346
-23.8745
-13.6875
-29.4176
-26.9266
-6.4115
-23.7365
-29.8016
-26.8775
-10.6525
-27.0695
-26.9625
-8.8025
-7.0955
-10.8225
-8.0765
-21.0525
-3.2435
-27.4515