-49.4384
-47.4034
-48.7074
-45.4464
-48.8834
-39.0463
-41.6644
-39.1153
-50.3134
-51.0235
-48.3934
-52.3285
-42.4784
-34.9033
-49.1514
-43.1454
-47.5054
-38.0173
-48.1974
-38.7083
-40.1203
-36.6393
-41.0824
-54.1485
-39.4533
-56.3665
-66.8835
-50.3774
-36.9093
-42.5464
-51.0735
-50.1664
-49.6444
-48.9914
-38.1003
-37.6393
-36.5063
-41.1244
-43.3244
-41.0054
-50.3874
-35.9453
-42.6694
-49.8265
-49.7115
-50.4674
-42.3894
-52.1594
-37.6413
-37.9383
-42.6384
-52.8785
-48.1094
-51.5565
-42.1124
-40.9794
-38.7673
-47.7844
-48.7624
-38.2973
-35.5313
-52.0345
-46.9794
-45.3934
-37.1233
-46.7174
-52.9875
-46.6334
-49.2394
-47.8764
-40.9364
-52.8595
-48.2824
-48.8245
-41.4604
-53.2405
-48.9884
-49.3355
-40.7404
-38.1713
-47.4664
-41.0644
-39.8884
-40.1243
-44.6034
-53.7715
-44.6424
-35.6353
-35.7583
-35.5453
-36.7763
-40.9394
-38.4193
-47.8994
-46.6164
-44.4154
-40.5463
-36.0563
-53.7065
-39.1963
-43.4714
-54.7645
-41.5334
-55.7925
-40.8584
-54.0575
-42.7044
-54.7384
-38.0163
-48.5074
-45.9474
-40.7504
-51.4135
-43.7774
-49.3345
-35.9223
-34.9143
-35.2313
-48.9364
-39.6374
-47.1704
-52.5824
-40.6944
-37.7663
-49.3104
-52.9095
-49.4804
-41.9704
-53.0355
-46.3884
-56.0865
-61.9965
-49.0594
-52.2064
-45.4704
-52.7135
-39.7413
-46.1434
-36.0593
-47.3744
-61.2925
-50.1644
-52.9905
-44.4464
-45.9034
-61.8515
-53.2155
-51.8795
-51.3884
-41.8684
-36.7623
-51.3125
-53.5285
-49.3394
-41.9664
-42.2104
-56.4835
-63.3215
-47.5104
-52.3195
-45.9304
-53.4415
-43.4114
-41.0174
-38.2723
-53.2825
-53.9025
-42.4614
-47.2624
-64.8045
-41.7294
-49.9114
-51.4725
-49.7194
-49.7634
-43.0494
-49.1254
-51.0845
-43.3654
-43.7774
-46.4924
-51.2315
-62.3895
-61.3715
-55.2265
-50.7934
-46.0024
-52.7885
-35.4533
-52.2535
-49.2974
-42.8554
-46.7424
-39.6053
-68.1985
-38.7593
-41.4364
-47.3314
-49.9834
-48.1024
-49.7324
-53.1825
-39.8313
-51.0944
-37.0643
-46.7644
-36.9303
-42.8034
-53.4735
-36.3043
-41.1364
-53.1355
-49.9404
-44.6204
-47.6634
-61.4045
-48.0734
-48.3724
-48.9534
-51.1984
-43.1164
-55.8075
-52.7185
-40.7824
-53.3315
-41.3314
-50.2295
-39.8333
-46.5694
-51.3795
-51.5715
-44.3094
-48.4134
-42.2654
-53.7715
-36.2863
-48.9855
-44.6944
-42.7394
-47.8654
-36.6013
-44.3184
-39.2463
-51.9155
-48.2194
-48.1274
-51.3875
-49.9624
-43.0464
-51.1305
-49.1295
-61.6445
-52.0055
-38.3333
-48.7124
-39.9893
-44.1984
-39.1203
-43.7474
-48.7685
-42.8724
-40.2744
-55.9485
-37.9063
-50.1975
-51.2835
-42.1094
-38.0873
-45.2304
-49.2454
-51.1454
-47.9724
-51.0944
-50.8804
-42.1034
-41.5684
-57.4495
-48.8434
-45.1034
-49.3905
-37.7993
-38.0813
-51.9264
-39.7444
-51.4615
-59.8915
-39.4323
-37.0193
-55.7875
-38.3913
-52.1425
-35.3813
-44.2484
-37.0723
-47.0614
-38.2033
-37.7703
-41.4624
-50.4334
-38.9673
-43.3784
-38.8143
-35.0913
-47.6144
-40.2734
-49.6814
-42.0704
-52.2514
-49.4514
-48.5284
-49.5564
-49.8264
-51.8314
-48.2074
-53.0335
-48.6444
-45.6654
-50.6324
-48.1874
-48.1244
-41.9033
-55.6355
-38.4993
-51.4985
-45.9084
-47.7864
-49.0544
-44.2564
-44.4484
-36.6613
-49.0644
-42.5214
-51.4245
-49.1874
-49.8275
-51.7875
-46.1564
-58.3535
-48.7225
-35.7583
-49.4865
-48.1764
-47.3844
-40.8334
-44.7804
-50.9255
-40.0463
-40.4984
-42.3434
-52.4965
-35.7423
-39.4144
-52.3005
-39.0453
-39.0023
-37.6203
-49.4105
-45.1664
-46.9414
-46.9404
-50.4654
-45.5394
-37.0543
-46.1464
-43.1064
-48.9114
-35.6923
-37.1373
-37.3153
-36.9413
-35.9313
-44.6974
-48.6654
-56.8465
-51.5604
-35.1603
-42.8364
-42.5574
-46.1064
-59.4595
-63.0415
-48.7874
-51.5855
-41.8824
-49.0185
-40.1613
-41.7933
-35.7083
-42.5324
-42.0284
-46.9384
-51.9455
-52.4225
-49.8895
-53.0935
-51.7295
-53.0875
-51.3395
-47.1734
-51.0834
-46.3214
-52.4565
-52.1755
-49.3765
-50.7334
-50.8415
-39.8753
-50.4124
-69.5675
-53.5215
-36.7313
-41.0493
-42.8624
-51.6665
-52.0545
-36.0233
-70.1925
-49.7815
-41.1104
-46.5504
-41.1984
-47.8884
-46.6454
-44.2674
-53.9925
-37.3103
-52.0495
-39.3273
-50.5554
-50.4654
-49.6385
-38.9683
-47.5634
-46.4084
-59.1315
-49.3334
-49.9504
-48.9264
-55.3324
-43.9494
-49.7584
-44.0534
-47.7694
-47.7574
-44.7804
-44.3164
-45.1344
-44.7384
-49.4454
-44.8904
-54.1075
-50.1644
-34.9363
-35.0083
-44.5354
-49.6724
-40.1683
-45.2144
-38.7173
-41.0164
-49.3574
-43.9574
-52.5454
-49.4135
-48.6125
-48.6355
-49.5795
-50.2335
-49.6364
-49.5844
-46.0364
-45.9774
-38.9213
-44.3234
-35.6333
-40.5594
-46.3864
-53.6385
-50.3685
-54.3645
-48.5844
-50.3964
-38.6153
-51.4965
-49.5614
-43.4874
-52.3805
-43.0244
-55.9585
-42.2384
-51.7345
-37.6173
-36.2543
-43.7744
-39.3023
-49.9494
-52.0125
-48.6264
-35.9263
-62.9245
-48.7404
-43.1424
-48.5584
-53.4405
-41.3274
-42.1144
-35.6583
-36.0613
-36.0003
-35.5073
-40.8914
-36.3183
-35.9083
-57.1815
-49.0254
-40.5794
-45.2434
-52.2574
-53.7105
-50.1814
-42.0594
-47.6834
-43.8264
-57.5555
-51.3015
-52.4105
-39.6024
-48.5054
-37.0393
-53.0395
-43.0414
-44.1714
-48.6854
-53.6335
-51.4615
-42.2964
-38.6433
-44.9904
-45.4754
-57.0705
-42.8264
-35.1863
-48.5684
-48.1644
-38.7823
-48.9164
-41.9124
-42.5134
-39.0783
-48.7254
-41.1374
-52.5835
-43.9764
-46.8764
-50.7344
-52.4225
-37.1253
-42.0784
-47.5854
-53.2715
-38.8853
-49.0614
-34.9323
-48.4794
-38.1313
-40.1683
-56.5215
-53.6655
-48.9534
-43.0914
-45.3154
-51.1914
-41.8684
-50.4645
-43.5104
-48.5044
-35.5193
-36.4923
-35.8093
-38.9643
-37.5363
-40.9724
-43.3994
-43.4154
-53.5765
-38.8833
-41.2604
-43.9564
-36.4243
-37.2803
-42.4844
-44.0244
-54.9374
-42.3604
-44.5584
-49.3645
-48.2454
-70.0315
-52.5985
-50.8124
-35.8203
-51.5195
-44.7834
-42.4664
-41.7454
-38.5513
-49.4744
-44.7644
-48.8884
-46.1394
-43.9514
-40.5744
-61.3735
-38.0343
-40.7963
-44.1984
-35.7973
-43.7574
-43.0594
-48.6565
-50.4714
-45.5024
-50.3404
-46.0394
-38.8003
-51.5535
-49.0664
-52.7895
-40.2964
-45.5664
-53.2125
-48.3914
-42.0864
-40.2084
-38.2163
-51.6285
-39.7323
-60.6735
-36.2403
-53.4085
-53.3145
-54.1105
-53.8155
-46.3034
-53.3875
-57.5905
-51.6765
-40.6094
-36.2203
-67.3985
-48.5184
-41.3234
-44.3954
-49.9445
-43.8154
-49.1154
-36.4133
-39.9413
-56.7155
-48.2584
-47.6724
-36.6803
-45.2524
-42.4194
-45.9944
-35.5873
-49.6255
-52.1724
-44.1914
-35.5813
-38.6503
-52.3945
-44.3594
-50.4175
-43.4184
-46.5234
-40.5044
-46.7654
-49.7424
-43.4744
-51.5064
-42.3164
-41.6804
-41.6724
-53.0985
-53.5975
-48.6094
-48.1664
-46.4654
-45.0394
-51.3535
-41.6454
-53.8665
-46.1454
-49.4895
-51.9435
-51.7645
-37.9293
-44.7584
-49.1444
-52.8345
-48.5174
-59.8335
-44.2394
-42.8744
-48.9634
-45.9904
-41.8284
-47.3074
-56.4825
-35.7293
-41.2674
-44.7544
-38.5153
-49.8104
-36.1353
-52.4295
-42.0744
-37.6213
-42.7314
-50.5344
-48.7794
-59.5945
-35.6263
-49.0744
-46.1654
-48.9714
-51.5885
-54.9005
-46.3954
-48.4454
-43.0114
-42.5234
-49.0755
-53.7715
-49.1665
-49.8865
-53.7395
-46.7734
-46.5424
-53.1225
-36.0153
-43.2424
-52.6684
-52.0375
-46.0094
-53.5255
-48.4814
-68.7485
-41.7824
-47.9304
-44.4294
-57.9795
-45.6084
-50.3164
-42.7164
-49.3894
-36.5693
-41.2904
-35.3573
-37.2863
-48.5664
-42.7504
-50.1854
-36.3713
-45.5814
-37.4983
-42.8264
-37.8253
-36.4663
-48.4134
-38.9853
-39.7963
-43.9664
-49.4614
-50.4804
-51.1614
-51.5935
-47.6594
-48.1274
-42.6264
-44.2004
-41.6654
-50.8685
-48.9185
-46.3514
-44.1804
-35.3273
-39.3003
-42.2654
-37.1563
-67.9525
-48.0454
-48.5934
-50.1474
-42.9254
-49.0444
-43.8344
-50.4314
-48.2294
-41.8674
-41.0984
-46.4014
-46.4084
-43.6314
-47.0184
-63.8295
-46.4234
-47.7084
-44.9624
-51.9625
-61.2095
-34.9083
-54.8225
-40.4084
-36.2873
-39.1913
-47.0914
-46.9274
-42.3094
-34.8343
-60.5455
-35.0353
-42.0194
-46.3964
-49.3384
-47.1334
-39.3073
-51.0155
-45.7074
-53.4915
-62.8965
-54.8255
-57.6795
-38.9563
-50.9424
-44.4544
-50.6474
-45.7794
-41.4984
-48.9634
-46.5294
-52.8945
-38.6743
-49.5014
-49.4754
-44.0584
-45.0094
-42.6534
-47.9224
-36.2333
-51.0945
-41.1134
-37.1573
-35.7903
-37.0583
-36.9903
-51.6605
-61.4485
-46.6444
-51.1314
-42.2224
-40.4354
-44.4194
-40.9104
-43.6704
-36.6233
-42.4754
-41.4684
-51.7165
-53.3205
-49.6104
-53.5135
-51.2365
-41.9254
-51.8104
-54.6385
-53.2485
-35.4113
-53.4325
-36.0683
-35.9983
-37.0983
-46.7414
-39.0443
-51.9985
-46.8774
-44.6754
-45.0114
-48.1234
-38.5623
-42.3924
-37.8063
-48.8094
-36.1543
-41.3364
-42.7974
-47.3044
-36.3343
-50.9494
-46.3864
-35.3263
-48.6264
-49.0024
-40.3033
-40.6374
-51.3555
-51.0975
-38.1503
-39.4964
-38.3243
-45.1574
-36.8233
-39.1043
-46.1454
-54.0445
-51.8125
-34.9813
-52.2025
-50.0744
-50.1455
-51.2785
-51.5785
-48.6545
-41.9114
-46.0584
-45.2964
-49.4964
-40.8414
-35.7623
-41.7484
-45.4014
-46.2464
-35.5683
-51.0935
-49.6944
-47.3644
-52.7995
-54.8395
-48.4774
-51.8275
-35.8813
-49.0554
-49.4864
-48.5714
-52.8954
-47.0614
-41.8824
-52.6285
-49.1524
-49.2665
-36.3513
-47.7824
-43.0114
-41.8364
-44.8114
-45.2774
-50.7615
-51.0535
-52.9935
-35.6373
-37.4933
-45.8304
-49.6834
-53.0785
-48.5724
-40.3214
-54.6465
-36.7923
-41.0364
-49.5285
-42.6294
-49.0884
-46.7844
-49.4515
-42.1694
-52.3835
-53.8035
-63.6275
-57.8925
-36.1833
-55.1695
-46.1714
-46.7724
-52.9995
-59.1485
-45.5914
-41.3244
-45.7594
-46.8684
-51.2255
-50.0034
-40.3763
-49.6584
-35.2743
-45.1824
-42.6204
-49.8784
-51.8314
-47.9274
-37.6053
-49.2044
-44.2024
-52.1664
-41.7694
-45.0554
-38.9473
-43.7214
-39.1193
-45.2764
-38.5513
-63.7015
-52.7895
-42.8674
-51.3335
-54.7525
-45.7174
-50.3875
-48.6314
-41.2394
-53.6735
-52.1265
-50.8165
-48.7685
-35.1293
-52.6765
-36.9853
-36.1913
-39.3123
-37.7883
-49.7834
-51.1845
-50.3905
-39.4983
-60.5975
-52.1265
-42.3684
-42.6274
-44.3774
-42.9444
-39.1643
-52.2345
-64.3835
-47.1814
-53.8095
-50.5125
-48.3494
-51.3955
-50.0305
-54.6925
-52.4845
-41.9074
-36.0743
-37.0533
-51.3255
-47.7354
-39.8383
-43.6184
-42.5164
-47.0544
-35.1723
-44.1174
-40.0134
-49.5704
-51.6125
-44.3274
-38.9013
-51.9895
-41.8584
-41.9444
-43.7114
-41.8204
-53.6145
-47.0654
-46.0504
-47.5084
-48.9585
-50.5155
-67.6765
-36.6273
-42.2714
-50.4355
-61.1285
-57.0245
-43.3304
-45.4134
-41.6954
-41.3354
-50.0975
-43.7394
-43.8064
-42.0294
-41.6614
-46.8364
-42.1394
-66.8965
-37.5573
-36.4923
-41.8434
-39.2664
-52.7865
-43.0164
-37.9493
-49.9144
-41.6164
-45.6994
-60.3695
-59.8265
-40.4204
-39.1933
-40.9904
-43.7654
-37.7013
-40.4733
-49.1614
-39.2843
-39.4973
-55.8325
-49.7214
-51.5045
-40.7664
-51.9145
-43.1424
-42.6094
-45.2244
-44.8714
-45.1294
-44.7714
-46.3164
-46.1194
-49.7084
-48.3964
-36.9893
-44.6354
-37.7943
-36.5953
-36.8333
-40.9433
-38.7443
-50.6884
-37.3773
-59.6965
-47.4694
-35.2553
-44.6434
-38.3443
-48.0354
-35.9763
-46.0204
-45.8414
-44.4614
-47.0864
-43.9304
-40.9714
-51.9785
-47.8774
-38.2363
-53.4555
-49.9564
-51.6905
-42.2044
-35.7213
-35.8213
-46.9224
-47.1704
-51.7344
-47.9224
-58.6035
-61.9505
-50.2014
-41.1854
-41.5533
-51.4885
-50.0125
-39.4283
-42.6974
-47.9424
-48.9734
-53.1575
-51.6625
-39.8783
-43.4084
-43.4984
-35.7173
-49.0584
-37.6093
-44.8614
-37.7473
-38.3793
-54.0125
-41.5174
-40.2013
-49.4944
-42.2914
-36.0273
-42.9634
-38.6563
-47.4584
-44.9334
-52.8795
-43.3564
-51.1795
-41.8964
-35.4263
-49.2684
-44.5364
-39.0623
-39.2393
-36.8843
-45.7114
-51.3365
-47.3364
-51.9995
-51.5955
-42.1134
-41.3064
-44.8264
-49.1994
-46.0024
-46.1284
-60.8125
-49.5984
-49.1664
-47.7444
-52.8135
-49.2614
-52.9345
-36.3463
-53.1675
-51.7395
-54.7385
-50.8765
-47.9534
-53.8495
-49.7764
-35.2133
-35.4623
-36.2963
-43.2224
-41.6884
-53.0685
-47.7514
-49.1404
-42.5354
-55.7505
-45.6184
-52.5495
-49.5545
-52.6235
-43.3604
-52.6185
-47.7784
-51.6255
-52.0155
-41.2444
-49.7094
-49.9884
-43.0584
-53.9415
-52.5235
-39.1413
-38.4973
-39.0943
-53.4575
-60.9005
-51.9785
-52.6055
-38.3833
-52.9455
-47.9254
-47.7824
-50.2345
-38.5173
-43.3664
-51.8765
-47.2674
-44.2094
-54.8915
-44.7664
-50.4494
-52.4715
-39.5514
-63.1415
-41.5554
-41.9724
-49.3265
-41.4493
-50.9964
-48.7764
-44.5344
-62.0575
-43.8864
-43.0134
-42.8034
-36.5793
-42.2074
-48.2824
-40.6314
-55.4555
-48.5414
-44.2494
-51.8705
-48.0784
-48.4754
-48.7654
-59.0235
-48.6894
-49.2245
-43.7924
-42.1784
-35.7253
-51.9735
-52.9945
-60.5425
-42.8404
-46.5394
-49.0814
-43.2054
-41.7934
-59.7865
-38.5093
-46.2044
-39.7324
-44.4724
-38.9993
-48.3884
-45.4554
-41.6944
-41.8684
-39.1643
-49.2654
-41.5974
-41.2444
-39.2833
-38.7653
-44.8934
-43.4254
-44.8974
-45.0854
-47.2984
-45.7984
-47.1734
-48.0114
-52.0285
-47.9494
-37.6013
-35.1063
-37.6113
-34.9083
-41.9694
-53.4875
-44.4184
-43.9834
-51.5694
-36.6603
-46.0394
-43.8584
-43.6814
-50.5544
-47.5424
-59.5725
-43.7864
-50.1695
-41.4724
-45.9214
-52.9925
-44.0544
-49.5355
-41.0414
-45.4414
-52.0935
-35.8033
-52.7835
-44.3654
-38.7503
-53.3075
-42.3614
-47.4574
-41.9354
-52.6075
-44.3214
-45.7014
-40.6573
-37.9463
-54.8295
-44.4544
-44.4564
-50.6475
-42.2864
-50.2814
-44.1244
-47.2004
-54.0665
-53.7015
-52.0325
-36.2153
-42.6294
-52.7035
-38.4443
-37.9263
-42.5134
-49.3144
-52.6695
-42.1824
-43.2664
-51.6875
-55.5295
-52.5685
-44.2234
-45.9044
-46.0204
-50.5484
-45.5554
-42.3964
-50.3615
-45.1624
-36.3303
-44.6374
-35.5413
-57.6535
-48.8094
-48.5624
-47.6264
-52.1205
-60.8875
-49.2435
-36.1763
-47.1964
-49.7784
-64.2275
-53.1295
-44.2584
-46.9194
-51.6965
-58.4145
-49.2474
-43.4714
-52.2965
-54.7605
-36.6063
-36.7683
-40.6783
-39.4093
-47.7294
-39.8153
-49.3705
-40.9124
-38.1503
-54.1015
-45.5194
-47.4204
-52.0505
-53.2465
-49.1934
-45.1854
-42.8624
-47.6144
-43.8064
-48.7044
-45.2644
-37.7553
-44.2244
-44.4214
-49.9694
-48.9194
-40.9114
-49.3814
-44.3374
-40.1723
-53.6065
-39.1023
-35.0863
-51.3475
-50.7945
-52.6495
-44.9634
-46.6744
-53.1285
-53.0735
-72.6705
-52.1615
-51.9855
-36.7903
-44.8084
-51.4595
-46.4254
-36.3513
-56.0975
-36.1573
-35.2523
-35.5233
-62.5855
-48.1514
-35.6973
-50.7734
-37.1833
-44.9604
-53.1685
-53.0935
-41.0994
-35.9503
-39.9083
-44.3064
-49.5414
-49.2734
-50.5845
-50.4585
-44.4114
-36.5153
-35.2693
-41.8444
-40.9014
-38.1983
-49.7954
-42.7784
-55.1174
-47.8554
-44.8684
-57.9225
-44.4314
-37.6433
-50.8024
-46.1774
-35.9103
-49.3704
-47.7604
-39.9084
-43.6564
-51.8485
-47.4264
-47.5624
-45.2804
-46.8544
-37.9963
-47.7714
-42.6764
-57.0545
-54.1655
-39.2683
-53.8615
-47.6194
-53.5025
-42.9684
-37.0943
-44.3334
-43.5184
-55.0685
-46.6234
-38.2643
-52.8605
-52.6805
-54.1035
-43.6004
-56.4465
-46.8214
-38.2973
-54.2085
-43.1984
-42.7774
-53.6405
-51.2564
-50.6064
-42.4284
-37.1483
-43.0044
-42.1494
-41.4804
-41.6864
-46.7394
-42.5984
-44.8844
-46.3934
-49.2144
-41.3454
-46.1964
-41.0004
-48.3944
-48.3804
-51.0855
-53.5315
-55.2965
-49.0644
-51.8365
-37.1013
-53.0575
-50.5134
-54.9185
-41.7714
-46.2714
-42.1064
-47.5054
-41.6414
-52.1085
-41.9744
-43.2564
-39.1933
-54.6735
-44.4364
-49.8505
-42.9684
-45.1614
-40.6594
-41.2704
-49.7265
-42.8114
-53.3575
-35.6323
-44.0234
-42.9294
-45.6024
-41.8454
-43.1894
-45.9034
-40.7714
-53.2925
-54.6135
-48.3184
-47.6094
-54.8065
-52.2185
-54.3615
-49.4835
-51.9925
-38.3753
-49.4204
-52.3194
-51.5334
-49.4044
-42.5224
-35.4183
-49.2714
-47.9734
-42.9444
-43.3124
-41.7984
-50.2014
-40.8314
-49.6654
-49.9314
-69.8745
-54.2845
-48.1084
-51.6165
-49.3554
-42.1404
-47.3744
-43.6644
-49.1124
-39.5223
-45.5654
-37.7163
-48.8364
-46.8524
-46.8114
-51.4835
-51.8705
-38.3063
-40.9094
-52.5225
-53.1645
-52.2695
-42.0464
-47.2154
-43.9504
-43.6784
-52.9135
-42.2314
-38.0843
-52.5615
-44.0664
-54.2345
-52.7335
-54.2685
-70.0235
-68.7415
-36.7183
-52.3025
-52.2745
-38.3493
-42.1404
-49.6445
-52.5735
-52.5715
-53.5045
-51.4425
-42.6574
-35.2243
-51.1905
-44.3144
-41.9074
-35.8603
-53.9925
-53.8115
-48.5114
-42.2344
-44.6884
-52.8365
-61.0135
-42.8194
-35.3093
-45.9514
-46.7414
-49.4304
-37.9453
-52.8505
-52.2605
-37.4383
-51.1745
-51.1795
-46.0174
-46.9454
-47.4514
-51.9665
-42.4614
-36.7603
-45.7884
-49.0734
-51.6605
-47.6934
-50.4014
-53.1595
-39.0143
-52.5905
-54.1495
-42.1874
-39.5804
-38.4513
-43.5104
-46.3184
-35.3073
-39.7243
-35.7753
-51.6985
-50.3614
-45.8294
-42.0304
-39.5663
-56.7455
-52.6235
-51.3485
-49.5104
-42.7914
-38.2173
-48.9074
-54.5145
-51.3205
-53.4455
-52.2605
-52.6735
-50.7804
-49.3085
-51.8255
-70.3545
-44.2814
-38.9673
-36.6783
-35.3893
-37.3133
-46.6864
-43.2474
-37.6893
-40.7614
-44.8994
-51.3065
-36.3063
-54.9205
-51.9795
-50.5485
-42.0824
-32.4113
-44.8934
-36.5313
-48.6854
-50.2464
-49.5214
-46.3694
-51.1804
-35.2443
-43.0234
-42.2794
-50.4035
-49.1744
-58.7405
-40.1334
-47.4904
-39.9243
-50.3054
-35.7153
-53.3075
-53.3475
-51.3845
-52.3045
-36.8183
-50.1454
-37.9753
-51.1825
-47.0504
-42.9274
-52.0815
-38.5683
-39.6604
-49.7134
-41.7944
-44.4334
-51.3875
-43.0234
-52.0845
-48.5494
-51.9545
-51.1745
-50.7385
-66.0925
-52.3465
-45.4264
-53.4995
-47.3344
-46.1914
-53.3135
-45.1934
-52.7945
-48.8824
-46.2324
-49.5294
-52.0915
-40.2613
-49.4725
-38.5433
-46.7184
-48.5194
-46.1774
-53.2235
-37.7973
-44.1584
-44.4474
-54.5885
-52.1195
-50.9215
-47.4014
-42.2624
-53.8485
-42.6934
-42.3524
-53.0555
-38.1193
-44.2344
-40.7884
-46.7454
-43.4884
-41.1384
-42.0094
-46.7274
-40.8164
-53.3945
-41.4294
-41.9224
-42.7664
-36.4563
-35.9123
-37.5343
-50.8055
-49.1994
-40.9254
-40.6164
-42.5334
-48.9414
-37.8403
-40.4074
-44.0564
-50.5554
-35.7913
-49.5534
-41.5384
-36.2753
-52.6865
-35.3873
-48.6704
-43.1244
-39.4873
-36.4933
-37.0833
-49.6564
-51.5345
-48.6135
-47.0534
-55.6395
-48.8555
-48.9595
-50.1874
-53.0804
-52.0945
-39.7843
-48.4954
-41.3614
-51.7605
-51.3165
-52.7554
-36.9843
-50.3614
-39.4543
-52.0365
-42.5064
-49.9294
-52.2285
-45.3444
-36.8293
-54.3505
-43.6974
-50.2114
-38.2573
-54.2335
-35.2933
-58.3565
-50.7675
-45.7804
-51.9245
-41.2234
-35.0033
-43.2024
-49.0244
-48.0854
-49.1174
-49.0974
-49.2544
-35.2103
-49.4264
-48.9324
-50.1404
-47.3144
-49.3574
-53.0285
-51.9935
-45.8564
-44.2994
-39.4654
-42.4794
-43.7414
-50.0664
-44.2714
-48.5595
-37.5213
-47.3614
-44.2474
-62.7375
-40.4614
-39.4714
-44.0744
-39.0433
-45.6764
-45.8854
-41.9494
-40.7533
-44.3344
-37.1983
-46.1394
-50.8745
-52.9185
-52.5795
-51.5065
-39.6153
-40.8264
-39.2183
-42.8904
-49.2155
-35.5653
-50.9925
-49.0355
-40.3833
-37.1553
-47.7224
-51.6905
-48.9815
-41.6794
-43.5694
-51.3255
-49.7994
-49.8974
-54.2565
-48.3114
-52.6865
-38.6373
-72.5845
-65.3395
-41.9404
-36.3203
-50.8055
-42.7814
-42.9334
-45.9184
-49.2204
-48.5334
-42.9824
-50.0405
-49.5324
-51.8905
-52.7795
-47.8244
-35.4903
-51.2075
-51.6505
-48.9454
-53.5185
-43.0084
-40.7483
-43.6734
-48.5104
-50.0244
-38.9333
-49.0035
-46.8034
-43.0474
-54.5585
-46.4804
-50.3394
-52.8785
-49.5904
-54.9104
-40.5114
-51.4585
-48.3294
-43.0384
-50.6434
-46.0354
-39.7834
-45.1934
-48.5754
-47.0984
-48.1844
-48.2284
-43.6874
-49.7024
-46.2564
-53.5285
-46.5334
-52.7875
-48.0384
-46.7134
-56.1145
-42.7974
-44.6014
-46.7934
-53.7585
-42.7184
-49.7864
-35.4243
-36.4893
-51.6404
-49.0694
-50.6624
-51.4265
-49.8294
-45.5424
-38.2863
-50.3854
-53.3965
-51.4955
-52.6535
-40.4383
-49.2294
-49.4654
-47.0564
-52.3875
-38.4963
-54.3085
-47.2204
-42.5564
-53.8695
-53.9745
-63.0215
-43.4614
-49.0254
-46.6324
-50.6894
-40.2124
-42.2184
-49.1634
-36.8463
-50.1884
-53.1355
-38.7533
-47.9974
-35.9393
-41.5114
-53.0125
-43.9634
-46.5394
-51.8555
-44.9144
-51.2375
-40.8894
-38.4053
-42.2574
-39.5884
-51.3655
-41.2854
-39.9874
-38.6393
-37.6903
-42.0114
-42.4864
-51.0484
-40.9343
-49.2414
-44.1644
-47.1224
-40.3704
-51.6365
-36.1793
-49.5185
-39.3743
-40.1094
-52.5115
-50.0734
-39.6414
-44.0594
-53.0905
-42.2184
-48.8294
-41.6674
-41.9784
-46.4404
-44.7484
-47.2234
-43.2214
-37.3553
-49.3005
-44.9064
-53.6145
-44.0664
-49.1954
-39.1923
-38.8623
-40.8114
-35.5533
-51.0765
-36.6343
-42.7144
-48.5584
-38.1493
-47.7474
-44.3024
-45.2274
-44.8534
-47.6184
-48.9604
-34.9063
-46.1564
-44.7094
-39.1423
-36.6623
-50.7905
-42.2294
-40.0894
-47.5554
-37.5153
-51.8285
-45.7114
-54.5615
-39.2993
-53.0845
-44.9254
-53.9155
-47.5404
-36.5403
-34.8263
-41.8214
-51.3434
-39.0493
-48.8275
-45.8334
-52.1245
-37.5093
-48.8205
-50.7615
-50.1285
-41.9714
-48.6704
-50.6045
-49.4245
-51.7775
-47.4764
-51.0795
-49.9874
-52.1985
-37.8273
-46.3284
-42.1974
-49.2325
-47.2184
-54.1885
-40.3093
-51.2525
-52.6965
-47.9174
-50.2904
-49.9874
-37.5123
-58.5735
-35.6133
-44.9174
-37.4603
-54.0175
-38.3533
-47.9174
-37.7543
-42.1204
-44.3904
-41.7084
-49.4964
-44.3614
-51.9305
-50.9625
-51.2425
-42.4194
-48.1604
-41.7134
-36.8553
-40.7594
-42.5374
-38.7193
-49.6264
-51.2795
-39.3083
-47.6894
-47.7194
-49.9434
-39.7344
-49.3874
-51.7735
-39.7373
-50.5845
-49.6714
-41.7414
-52.4265
-71.6955
-47.4944
-35.0643
-53.7045
-51.1184
-53.5355
-48.5934
-40.7113
-48.0124
-52.4555
-40.1493
-37.1993
-40.7193
-48.4634
-46.1904
-52.1365
-42.6144
-38.3063
-61.0415
-53.3555
-47.5194
-53.2745
-53.2515
-47.4614
-40.0844
-40.9514
-60.1865
-51.9025
-49.4094
-51.3455
-41.6194
-38.7673
-50.6515
-52.8925
-39.7833
-41.8564
-52.1065
-50.8005
-47.4394
-41.6414
-41.6764
-50.9084
-52.3235
-53.7655
-35.3333
-37.4253
-37.7903
-39.5533
-49.1374
-40.3074
-49.8104
-37.1033
-43.2274
-41.2334
-43.8014
-42.8594
-39.2803
-47.7684
-43.3094
-44.0924
-38.9973
-58.4445
-38.7043
-55.2515
-40.9734
-40.0064
-39.8434
-39.6144
-40.8564
-42.3994
-43.7754
-51.9665
-44.4884
-49.6044
-49.6344
-47.4814
-49.0914
-37.4233
-37.8223
-41.4784
-49.9065
-45.7914
-41.6694
-54.3025
-38.5283
-55.9845
-36.8713
-51.5444
-48.6625
-49.0544
-48.8054
-39.7244
-45.4534
-39.3753
-41.6914
-39.5313
-42.8594
-68.2535
-42.8184
-39.6843
-41.6854
-50.4065
-40.6244
-51.9905
-35.1133
-43.3214
-47.0484
-44.8704
-38.0423
-46.7894
-44.9354
-40.3304
-41.8654
-41.5034
-48.8434
-42.0824
-49.5494
-39.5863
-49.3814
-38.6793
-39.4213
-39.5343
-45.1264
-46.8494
-44.3594
-52.8165
-48.6115
-40.8344
-49.3485
-41.8884
-37.1903
-40.2484
-48.0534
-48.8764
-46.2214
-46.9344
-38.2333
-39.5793
-46.8224
-58.0225
-53.7125
-50.6134
-49.1684
-48.1114
-34.8923
-39.5653
-38.9223
-48.6164
-48.8134
-54.7895
-48.6894
-38.1503
-49.4904
-37.3113
-35.2473
-63.1805
-52.1725
-48.7194
-51.5095
-49.9494
-46.3484
-39.9414
-56.5535
-54.1855
-35.1023
-40.8754
-40.0664
-49.3414
-39.9153
-47.1744
-51.3484
-50.1055
-44.5634
-44.4214
-46.8394
-52.4535
-39.6983
-48.6164
-39.6223
-35.6283
-37.9933
-46.7524
-55.2765
-50.6714
-49.6084
-43.0264
-44.5764
-52.8875
-43.6104
-41.7654
-47.5264
-54.1505
-47.8234
-47.2194
-40.1503
-39.8533
-46.9754
-40.0704
-47.2994
-41.2974
-39.1493
-41.1704
-49.4654
-49.2184
-44.8714
-47.0584
-49.3274
-49.6015
-50.1964
-44.6584
-47.7814
-43.5544
-41.5364
-50.8595
-51.6855
-53.3695
-52.2215
-53.8155
-50.7944
-53.5815
-51.1615
-35.0153
-51.7345
-44.4334
-48.4134
-50.0765
-53.2775
-48.3224
-43.7454
-36.2053
-42.4334
-35.2933
-37.2053
-57.7545
-45.9664
-49.9694
-49.5704
-54.9685
-40.2933
-49.7645
-40.5184
-41.2104
-46.7414
-35.4603
-53.0595
-49.1164
-48.0024
-52.5355
-46.6124
-51.5325
-39.9714
-42.7504
-53.3765
-40.1963
-40.0764
-38.7673
-54.6905
-49.7065
-38.6203
-38.6223
-38.8963
-46.9864
-37.7813
-49.0265
-43.6744
-41.1384
-50.5464
-45.6884
-41.8044
-43.3094
-50.1464
-51.6435
-37.7843
-36.1283
-46.9034
-37.4093
-56.4895
-52.7825
-44.3624
-35.6013
-45.5034
-35.2583
-36.9403
-43.6534
-35.9473
-50.1394
-36.8013
-44.2704
-54.4045
-66.5995
-52.5535
-35.7933
-50.3585
-49.3344
-49.0675
-54.3995
-37.0023
-39.2983
-56.1385
-51.6925
-35.9693
-37.3523
-42.6304
-36.7743
-52.0615
-52.8605
-47.7644
-54.2245
-46.7284
-62.4665
-51.7144
-50.9805
-36.4963
-54.3035
-39.0163
-44.2234
-38.2693
-41.8184
-48.5584
-48.5944
-50.9534
-58.8665
-43.9834
-42.2584
-45.6364
-42.6664
-36.0243
-40.0844
-44.4464
-44.0284
-41.0034
-38.3503
-37.8093
-47.5894
-41.3954
-43.5104
-45.2914
-53.3885
-49.3744
-40.5133
-61.9445
-39.5723
-39.8894
-51.5055
-41.0314
-42.6794
-46.2764
-35.5883
-35.8203
-42.4144
-37.7963
-41.6644
-47.4014
-43.1744
-40.3864
-34.8633
-46.1734
-50.7685
-44.1724
-35.7483
-35.5333
-42.1984
-49.9054
-42.4284
-54.1225
-48.8465
-40.1783
-71.8845
-49.6285
-49.6884
-38.2813
-42.5764
-42.6044
-42.4994
-44.7004
-42.5154
-49.6144
-57.5205
-35.5833
-49.0654
-44.3434
-36.5783
-40.5034
-39.3153
-41.7034
-39.5283
-36.4893
-40.1593
-37.0203
-58.7415
-43.3504
-44.2384
-53.6825
-49.7874
-47.7844
-46.0924
-36.7133
-35.3273
-35.5743
-46.8844
-50.2485
-36.4763
-51.4345
-36.4153
-52.7285
-47.6354
-47.0684
-43.5874
-52.8435
-36.1363
-43.1284
-35.2383
-37.8193
-66.0695
-46.5774
-58.3595
-56.0925
-54.8845
-41.9694
-52.4695
-50.8684
-39.4954
-41.5934
-66.7675
-54.6035
-44.1604
-51.6685
-64.7985
-51.5565
-41.7384
-57.6025
-40.2134
-46.8084
-37.6503
-50.3265
-45.1324
-45.0494
-44.9804
-44.8224
-37.9163
-42.6254
-53.0145
-36.7383
-49.6244
-45.5444
-35.5983
-35.3793
-35.4383
-41.6014
-35.8723
-41.5274
-35.3203
-35.2903
-43.5264
-36.4593
-42.6434
-41.5844
-47.5514
-35.9003
-44.5824
-52.8585
-44.0784
-46.4084
-40.2723
-46.5144
-45.3304
-36.4693
-42.1424
-35.4943
-43.8904
-51.3914
-35.8543
-51.5265
-52.7965
-45.1904
-42.6234
-48.7815
-55.1505
-39.4253
-42.1234
-51.9615
-48.3584
-53.1825
-52.5675
-47.0354
-40.3454
-40.9063
-36.3203
-40.2244
-36.2453
-36.1173
-41.6234
-38.9003
-45.3504
-58.0045
-43.4744
-43.9304
-49.7165
-41.8324
-41.0574
-52.4695
-42.4774
-52.5164
-47.8374
-37.1703
-52.4165
-44.5784
-38.1803
-49.7335
-38.3273
-49.3975
-46.5064
-51.0404
-45.0004
-38.9723
-53.8955
-44.9024
-45.0254
-50.6955
-47.3904
-42.6934
-41.3904
-48.8004
-49.2875
-42.6434
-48.7444
-50.7515
-53.0735
-44.3204
-42.5084
-51.6535
-44.4674
-43.7934
-47.4024
-50.5814
-35.4503
-36.5033
-49.3814
-38.0983
-53.5765
-46.6504
-52.0675
-51.2095
-51.2015
-40.0724
-49.7434
-36.9463
-41.8414
-46.6734
-53.1375
-51.9515
-35.4433
-51.1635
-44.3054
-49.5425
-45.1254
-45.1414
-50.2244
-46.9514
-55.9115
-51.0195
-34.8693
-49.5234
-50.6694
-37.8163
-47.7044
-41.6674
-45.8734
-45.8054
-38.3893
-42.1034
-44.5894
-48.9334
-52.2765
-50.3274
-44.9034
-51.7385
-49.8174
-51.6575
-50.3924
-45.6864
-51.4675
-47.9504
-42.3704
-47.8564
-41.7874
-35.3543
-40.3604
-56.0655
-37.5413
-51.0664
-35.4533
-40.4234
-48.7114
-36.6343
-49.9644
-42.6994
-50.1944
-35.7353
-40.7164
-51.6685
-61.9815
-45.9204
-35.5153
-51.3785
-42.2534
-39.0583
-39.5773
-42.5044
-38.6213
-44.3304
-37.4273
-47.5534
-41.4924
-49.8055
-47.5984
-42.2044
-50.2264
-43.0414
-40.2664
-40.1494
-47.1834
-46.5874
-49.4914
-48.9515
-36.9853
-38.3243
-50.3285
-42.0774
-43.7744
-41.8794
-36.9243
-37.3053
-50.8215
-37.5223
-35.1263
-46.1134
-52.5305
-42.9494
-49.9355
-60.6215
-38.1543
-60.4595
-37.6283
-60.0255
-72.8965
-52.0955
-51.6715
-49.3265
-49.3224
-53.3115
-43.9324
-44.0414
-52.1765
-42.0344
-41.9584
-61.3005
-43.8724
-51.6685
-69.2605
-55.4835
-40.2434
-44.0344
-40.9804
-41.1234
-50.2075
-43.0104
-36.3883
-49.1784
-65.5815
-49.1184
-51.9635
-45.9594
-50.6674
-49.4535
-55.1685
-47.4504
-38.6263
-40.4313
-35.2223
-38.9193
-35.8293
-45.5774
-38.6863
-45.8514
-47.6944
-49.1294
-51.5545
-40.8244
-52.2005
-39.0153
-53.1735
-37.3503
-44.6764
-35.0153
-54.5974
-51.9065
-38.1673
-40.5313
-40.1473
-40.6614
-43.8944
-54.0575
-35.8953
-40.6834
-72.7925
-52.6255
-35.3193
-45.3754
-53.2055
-51.7925
-43.4164
-51.5835
-52.1475
-49.6544
-51.1815
-36.3053
-42.8194
-42.0844
-40.5424
-51.3085
-53.0405
-49.9464
-53.1465
-51.9395
-50.8234
-44.1884
-52.5595
-53.8305
-42.9594
-48.3424
-38.3473
-42.7324
-53.0265
-45.1654
-52.0935
-52.2545
-45.2374
-40.6973
-51.1715
-37.9113
-41.8774
-37.0823
-51.6395
-48.6414
-39.3033
-40.3433
-41.1264
-35.7893
-49.0085
-54.4605
-38.2993
-37.7343
-43.1114
-40.7414
-48.3664
-35.0513
-46.4214
-53.9965
-43.0604
-44.4284
-41.9084
-43.3194
-43.9224
-42.5564
-42.8494
-45.0344
-35.7673
-48.5434
-42.3414
-52.1925
-37.7253
-52.1295
-54.6165
-52.1465
-42.8664
-43.1994
-44.5564
-51.1485
-44.0814
-50.7464
-35.5333
-54.9334
-37.3513
-45.9694
-46.4614
-51.2295
-57.7195
-50.3394
-47.5064
-38.7743
-35.2623
-51.8035
-51.2894
-46.2264
-40.2214
-54.0945
-52.8894
-41.4774
-49.6365
-50.7124
-43.7334
-41.4054
-49.5814
-54.1625
-43.3414
-50.1734
-40.4553
-50.6384
-43.4294
-42.6074
-35.8423
-37.5143
-42.8954
-40.5954
-42.7394
-43.4694
-48.0324
-38.9463
-39.8594
-42.6094
-39.1943
-41.4223
-48.1614
-41.3664
-48.2204
-36.8653
-52.0485
-42.5904
-44.6044
-52.5514
-48.4514
-61.5175
-50.1374
-44.1644
-47.4604
-42.1974
-48.3924
-52.7765
-44.3634
-42.3434
-53.6865
-42.6144
-39.9703
-56.3785
-44.5844
-38.7283
-51.1024
-40.5764
-48.5904
-40.7734
-62.6755
-51.9065
-51.4555
-49.5214
-58.0965
-49.4644
-44.4044
-50.0775
-44.7844
-54.2485
-39.1433
-49.5074
-47.0054
-53.0555
-44.0534
-45.4114
-35.4793
-46.9424
-50.7394
-37.3433
-46.1884
-46.9584
-48.7694
-39.6283
-47.5664
-45.2514
-50.0924
-53.4025
-46.6294
-44.1194
-42.6084
-41.0304
-45.5414
-40.0633
-35.9593
-44.3664
-40.3634
-35.2883
-52.0705
-54.0694
-35.3323
-46.9014
-48.8814
-37.5623
-45.3044
-46.6814
-50.7835
-48.4964
-49.7144
-42.8754
-48.6414
-46.3684
-51.6325
-50.9805
-47.4994
-50.2315
-51.5695
-35.7833
-48.1094
-41.2554
-38.5863
-47.3164
-63.2905
-39.3333
-46.9804
-48.9954
-46.5734
-37.1203
-45.8404
-37.2483
-51.4615
-47.0674
-43.8624
-51.3974
-42.4974
-51.1754
-48.6074
-38.3733
-45.3574
-40.6813
-39.5513
-53.0075
-35.0923
-52.6925
-43.2814
-48.8344
-40.1253
-49.1014
-49.9355
-48.0584
-50.0574
-43.9014
-49.2105
-44.6034
-41.1563
-42.3124
-43.3764
-49.7215
-52.6335
-51.0815
-44.0394
-42.3684
-46.7924
-50.2154
-37.3443
-50.9215
-48.1514
-50.5714
-49.2174
-60.9005
-40.7473
-41.3714
-51.8685
-39.5514
-40.5164
-51.1825
-51.7685
-38.9963
-35.4623
-41.6394
-40.4724
-54.2715
-50.2814
-46.3614
-51.7745
-39.1103
-41.4134
-43.5494
-41.3464
-42.3664
-36.9593
-35.9433
-42.0944
-48.6114
-38.9903
-51.2785
-39.5053
-41.4384
-49.2754
-46.5264
-42.2494
-51.2375
-40.3544
-52.8215
-42.3284
-51.5245
-35.2093
-46.4934
-45.5124
-41.9734
-47.7234
-45.4424
-35.5503
-48.6545
-54.1915
-39.0143
-47.6644
-35.2283
-42.6724
-46.3954
-44.6114
-38.3253
-49.8824
-36.5793
-45.2364
-49.2194
-49.6304
-56.7135
-50.0384
-52.4645
-39.1073
-43.4144
-43.9054
-41.7544
-55.8305
-49.7784
-48.4604
-35.2093
-43.1044
-56.3285
-52.7715
-39.4283
-59.6235
-56.8035
-37.4893
-37.4203
-37.1933
-51.7945
-37.0583
-42.1734
-56.3465
-37.1263
-42.6214
-49.4964
-52.6025
-52.1665
-54.3845
-49.8964
-50.7185
-53.3435
-51.7455
-53.2565
-48.2554
-57.8625
-51.7055
-41.0174
-52.9795
-54.9665
-62.3315
-52.0285
-48.9044
-40.1424
-55.9535
-50.9494
-54.1075
-52.5695
-50.3434
-46.2574
-50.3274
-35.4343
-43.0384
-52.9065
-52.2055
-46.9664
-53.2635
-54.8295
-48.5614
-39.6313
-50.5644
-36.2033
-42.5314
-49.5714
-49.3144
-55.4105
-51.6445
-50.9025
-39.6264
-43.4514
-49.3894
-51.4905
-44.0444
-49.0774
-52.8125
-40.0694
-59.6095
-52.5415
-43.8474
-52.9855
-50.2624
-65.3315
-56.9695
-57.0745
-41.5014
-57.5355
-56.0845
-51.7924
-47.2964
-53.0895
-57.2885
-39.6813
-48.4234
-38.0423
-45.6954
-59.0945
-51.3075
-53.4695
-36.4213
-51.1145
-47.6834
-43.3014
-51.6105
-53.3475
-53.6975
-41.0714
-46.4204
-46.8804
-51.4085
-48.9144
-40.5633
-50.7245
-53.3514
-51.2745
-42.0524
-53.9535
-44.9844
-38.4833
-51.9455
-47.3864
-48.9305
-55.2555
-62.5615
-43.5804
-40.4014
-49.3234
-49.4985
-39.3724
-52.3534
-48.9194
-47.6774
-60.9445
-46.5744
-60.3805
-53.1085
-50.7114
-52.9485
-41.8754
-48.0394
-51.1315
-42.1684
-52.8345
-49.2214
-57.3525
-62.0005
-53.8605
-51.5075
-46.6284
-35.6473
-54.5055
-55.1984
-40.7744
-41.2154
-41.9394
-49.5044
-55.3824
-49.7964
-50.9684
-41.9334
-53.0184
-53.1825
-38.4063
-53.0555
-42.4084
-47.7494
-55.5184
-38.5973
-49.9234
-42.1314
-49.8544
-51.8354
-43.9374
-49.3424
-37.7513
-45.1204
-37.2943
-37.8323
-42.5754
-36.8173
-37.7063
-43.5734
-48.9154
-45.2644
-34.8553
-44.9974
-38.3333
-36.2443
-44.8274
-48.9074
-42.8964
-43.4564
-37.1913
-44.8074
-49.2994
-42.8064
-50.0914
-49.3514
-55.8664
-42.2104
-48.2964
-47.8874
-49.2915
-35.6023
-39.6023
-38.9143
-50.9495
-46.7924
-50.2814
-50.2705
-50.8905
-50.1225
-47.1194
-38.6173
-40.0823
-51.0844
-49.8714
-52.1995
-51.6185
-36.9463
-37.3573
-43.6924
-46.3694
-43.5084
-62.2485
-37.1523
-52.3125
-51.7005
-49.1934
-41.2704
-53.9035
-50.3724
-41.0834
-47.8394
-51.2615
-50.6384
-38.4613
-61.1465
-38.6203
-36.6513
-44.1084
-38.9233
-40.6973
-48.2844
-42.5154
-40.9044
-41.5244
-42.2564
-43.0654
-52.4985
-52.0495
-51.7615
-45.5324
-50.1055
-45.6614
-43.4164
-42.8224
-37.3293
-49.4334
-51.5334
-48.3174
-37.9593
-48.6685
-42.3144
-53.2785
-38.8463
-35.5923
-50.5105
-48.8014
-48.3334
-51.9915
-43.1624
-50.0065
-50.1595
-53.3145
-44.2364
-50.7624
-36.6283
-43.0634
-44.8954
-47.9264
-41.5594
-49.9264
-47.5464
-36.3263
-48.4024
-48.4244
-50.1654
-52.2035
-50.2184
-53.5555
-53.1615
-40.4204
-53.8405
-49.3544
-53.5025
-40.8514
-36.0063
-51.8605
-52.3745
-37.4373
-44.7484
-50.1445
-41.7044
-44.6084
-43.7094
-46.8754
-39.0313
-47.3534
-45.7384
-50.5765
-51.7865
-43.2934
-43.9844
-45.6624
-39.1483
-53.6725
-48.7744
-52.6025
-53.1495
-48.8674
-45.7804
-40.6944
-42.2394
-39.2393
-47.8834
-38.3133
-52.1515
-48.5094
-51.1914
-50.6544
-56.4775
-48.7234
-52.0985
-50.5864
-36.6583
-54.0515
-52.4655
-55.4315
-44.4044
-50.7934
-36.6563
-44.7134
-43.1844
-37.1013
-49.9024
-50.4494
-35.8383
-48.3744
-51.3985
-61.6035
-36.6583
-38.0063
-56.7365
-37.8623
-35.5523
-47.8814
-50.0154
-44.6394
-41.7774
-35.2633
-39.5783
-43.0934
-50.8355
-35.6433
-44.9674
-52.9615
-44.4964
-43.1364
-35.3783
-37.0493
-43.7844
-42.4404
-44.2344
-35.5813
-35.4933
-49.7245
-52.2755
-52.4075
-46.6104
-52.0595
-44.0774
-44.0824
-54.2255
-52.6715
-37.2803
-46.5184
-41.2444
-46.9934
-42.2154
-47.2824
-37.6373
-43.4194
-39.6514
-50.0444
-49.3724
-42.4054
-38.2093
-35.1803
-66.9765
-42.9804
-50.9385
-51.8315
-47.1544
-42.5334
-37.6243
-34.8733
-41.1503
-49.4034
-42.8684
-38.2223
-52.4215
-49.3834
-50.8365
-36.3703
-48.6845
-45.2394
-40.9994
-51.7335
-43.2234
-39.6133
-52.3435
-42.5574
-48.7754
-36.9413
-41.2974
-46.4434
-42.3304
-39.7173
-38.0683
-51.9444
-42.7144
-45.2094
-42.1544
-35.8793
-36.4803
-37.6873
-36.1053
-54.4745
-45.4664
-50.1104
-38.6503
-53.5845
-35.1163
-44.3914
-49.1855
-47.4774
-46.9014
-44.5974
-37.6743
-50.7945
-47.4624
-48.1754
-37.8943
-36.3883
-40.1514
-47.2334
-45.3494
-54.5525
-41.4594
-42.2854
-44.0434
-52.8235
-35.2973
-43.7464
-35.2213
-48.5394
-47.3144
-54.9835
-53.6565
-52.3435
-39.0773
-45.1744
-50.0784
-36.7223
-36.5863
-48.6465
-39.2703
-43.1214
-44.6594
-48.9344
-45.0844
-47.2934
-45.0914
-51.1094
-47.9764
-38.4613
-44.8544
-42.2344
-51.9045
-44.3334
-53.4105
-53.6845
-53.7405
-52.0644
-46.9984
-41.5984
-36.6963
-38.3033
-49.6985
-40.5084
-49.3384
-43.1794
-36.4343
-50.5994
-37.9293
-41.7734
-43.3234
-51.1365
-48.8724
-48.6725
-41.4674
-36.3493
-47.4284
-42.0764
-42.7344
-44.1964
-44.2274
-49.4294
-42.5044
-35.2603
-35.9573
-49.5784
-47.7164
-38.0433
-35.6233
-35.5313
-45.7994
-61.1935
-41.4193
-61.0475
-42.6874
-45.4624
-45.3434
-36.2903
-40.3634
-48.9074
-47.5794
-38.3063
-42.4084
-49.1935
-53.2155
-51.1705
-53.4835
-53.3075
-50.0565
-52.9925
-46.5914
-51.6605
-37.7233
-44.0014
-53.6125
-45.0834
-53.3815
-51.2315
-40.2254
-39.9093
-51.4505
-45.1564
-40.5794
-45.1704
-51.7295
-39.4183
-45.1764
-46.3584
-49.0184
-44.4834
-47.6494
-41.7094
-43.8984
-39.3793
-49.9495
-49.3844
-48.7014
-49.4574
-36.8563
-43.3004
-48.6584
-45.4954
-45.5324
-51.8224
-37.7573
-44.2234
-42.3464
-55.1995
-44.9424
-47.0024
-51.5005
-49.0634
-48.2974
-47.4264
-53.1045
-49.1354
-51.7725
-43.0264
-48.9594
-48.2804
-40.6453
-41.7204
-41.7774
-40.5554
-35.4993
-51.7615
-51.5865
-48.2224
-44.8904
-34.8093
-49.1824
-40.7294
-45.9584
-54.2204
-67.1505
-47.6144
-52.9145
-40.3694
-53.0595
-40.4714
-53.7665
-49.9294
-52.8665
-54.7745
-48.7024
-50.2044
-46.3454
-36.7053
-44.9434
-36.0613
-35.6633
-38.4953
-51.6715
-37.2863
-38.5123
-45.9654
-37.6853
-38.1833
-40.3654
-56.6235
-46.5614
-41.6374
-38.3283
-49.8244
-37.8023
-35.3963
-49.1775
-50.1724
-44.9354
-49.3674
-48.8714
-50.1625
-55.7265
-48.0374
-52.3174
-48.5114
-49.4494
-50.5234
-52.6775
-50.3805
-46.4794
-50.4645
-47.5364
-52.8334
-42.9094
-52.4885
-52.0165
-59.3355
-49.7034
-40.5414
-45.0664
-41.5044
-40.1344
-50.5384
-40.9264
-48.1254
-49.1494
-42.0414
-51.3795
-37.9883
-51.2425
-50.1644
-39.1183
-43.0284
-50.8214
-52.6795
-42.7104
-67.5335
-51.2305
-51.6334
-44.1824
-47.0494
-49.8905
-52.4085
-48.5535
-35.3983
-37.2783
-52.2384
-35.2953
-36.7823
-57.4145
-58.4605
-57.2285
-47.5244
-47.4794
-43.0844
-47.3994
-51.4134
-55.0165
-54.6685
-57.8835
-48.4174
-44.2904
-36.8403
-53.2675
-44.6054
-39.0653
-51.0785
-63.9045
-54.9015
-51.2325
-72.7445
-55.1385
-46.3694
-41.7864
-40.0273
-45.2514
-39.8774
-49.3774
-38.2513
-45.9364
-44.9734
-52.2085
-49.9345
-54.3895
-51.0875
-50.7914
-39.2214
-51.4424
-48.0664
-44.0804
-49.9505
-46.4034
-47.8114
-53.4804
-53.7405
-37.0803
-48.9244
-42.2074
-48.6664
-46.8614
-46.3784
-49.4384
-51.5535
-43.1884
-52.1525
-51.8075
-41.9874
-44.4904
-52.1165
-60.0255
-49.6235
-41.6784
-35.7133
-44.0654
-44.0584
-41.0474
-48.5064
-43.5624
-51.1785
-61.9015
-45.8204
-49.3905
-46.4184
-51.3894
-45.3644
-39.4203
-44.0244
-51.8445
-47.1164
-35.3543
-61.3215
-54.3465
-43.4384
-51.0285
-53.5985
-37.9933
-49.2444
-52.3125
-49.8584
-36.8403
-51.4735
-44.1554
-50.9785
-48.8944
-35.5563
-52.1545
-35.9613
-48.0554
-56.4515
-45.5574
-53.0765
-50.6984
-49.9144
-47.0064
-44.2584
-49.0774
-52.4395
-53.9775
-36.4713
-52.9085
-41.4193
-39.6243
-35.8983
-43.5554
-50.2404
-44.7744
-43.8844
-52.3784
-53.4845
-54.0725
-39.2103
-52.7215
-52.1305
-50.3084
-53.0955
-36.0123
-50.4524
-41.4724
-49.4985
-40.7014
-37.8483
-37.1493
-40.1284
-39.0153
-39.2023
-39.2933
-37.9893
-38.2263
-37.7173
-39.5013
-47.5274
-54.0255
-50.8935
-50.9135
-52.9545
-49.0225
-44.1034
-43.8044
-42.4534
-53.5275
-50.6935
-34.8813
-42.4694
-47.2474
-38.7313
-50.0314
-45.5374
-44.5864
-53.6385
-41.9834
-42.6884
-51.3035
-49.2254
-47.8444
-52.0725
-42.0814
-35.8343
-52.9695
-40.5823
-44.4474
-44.2384
-50.8515
-58.4665
-52.0285
-41.2554
-43.7634
-47.4834
-53.3755
-39.4263
-35.6463
-46.6174
-44.9104
-35.6663
-37.7253
-39.3823
-35.2913
-48.1374
-45.9924
-37.9463
-35.8563
-42.9394
-38.3163
-36.1573
-37.6513
-43.0494
-44.9534
-35.8253
-37.1873
-49.5844
-49.5104
-47.3844
-53.7595
-49.0094
-38.4333
-42.7134
-38.5363
-35.3783
-48.1764
-48.7664
-51.8244
-49.7584
-47.5904
-44.0874
-40.7394
-50.3575
-49.9344
-51.6045
-48.3654
-46.4134
-47.8104
-45.0624
-52.6924
-45.2424
-37.4173
-47.4214
-48.0714
-50.7224
-43.7894
-50.7965
-40.3334
-51.4115
-42.6264
-52.5265
-67.8105
-58.1165
-51.3135
-49.3144
-54.5465
-42.6514
-44.1364
-47.5614
-62.9005
-46.8834
-51.0745
-43.5864
-41.9454
-47.6064
-41.8114
-43.2084
-42.0764
-50.1415
-35.3833
-49.7975
-42.2924
-40.5704
-49.6435
-42.9074
-48.4664
-49.2745
-52.8415
-43.4744
-35.1593
-49.1055
-52.0995
-46.3984
-43.1424
-35.8533
-44.3084
-50.0484
-49.5185
-54.9875
-49.7984
-43.1254
-40.9364
-46.2474
-52.3785
-42.5404
-43.1744
-43.1794
-43.8284
-59.7005
-48.7734
-37.9333
-49.7795
-47.9024
-35.0813
-50.9284
-54.8445
-43.0094
-49.6814
-50.4535
-53.3225
-44.3184
-49.4294
-51.8685
-54.8935
-43.0204
-49.3665
-53.1695
-42.8654
-38.7563
-38.0603
-72.6475
-54.8185
-51.3695
-50.5765
-61.7785
-47.5864
-53.3145
-52.2755
-52.8025
-52.9105
-61.471
-52.7615
-48.0674
-54.6365
-55.0265
-60.4185
-53.0595
-44.2354
-42.5124
-37.0313
-51.2755
-54.9145
-56.4285
-45.3054
-35.9783
-42.2634
-50.7274
-49.8034
-40.5384
-51.0024
-54.9104
-37.9763
-40.4944
-35.9353
-43.8074
-51.5535
-49.5784
-43.0844
-39.9073
-47.4404
-53.1365
-50.9565
-35.7063
-53.0955
-49.4854
-47.8384
-45.8464
-50.0005
-36.8453
-35.6333
-37.4753
-35.4413
-53.3615
-39.1203
-42.2904
-38.7643
-47.3564
-40.4573
-50.8614
-36.6883
-53.0565
-47.6774
-47.2874
-39.9474
-47.5734
-58.1275
-49.6264
-53.2135
-53.3095
-49.9864
-51.4065
-38.5113
-54.8355
-51.5115
-48.5174
-45.3464
-47.8734
-51.8075
-50.3144
-49.9254
-51.7635
-49.1295
-36.5663
-48.8044
-50.7284
-50.4245
-38.9753
-43.4154
-49.6944
-42.1404
-43.7024
-48.2944
-53.2475
-43.5594
-47.4144
-45.8844
-38.1263
-55.2265
-35.8793
-50.4275
-50.7845
-51.9255
-52.0885
-50.9544
-36.0233
-38.0623
-40.3363
-39.0253
-38.1533
-47.4524
-47.4304
-39.8123
-47.2494
-48.4824
-44.2234
-53.2975
-41.7464
-49.1634
-36.2053
-42.8144
-41.7684
-49.6334
-52.4265
-52.3924
-41.9564
-42.4484
-48.3914
-51.8055
-51.1064
-45.4144
-48.7214
-50.9264
-40.6164
-45.9224
-44.5614
-47.5304
-54.3335
-38.6383
-45.3004
-53.6195
-50.5974
-40.6864
-39.8194
-51.9035
-38.5543
-45.3804
-49.4274
-46.2214
-53.1975
-48.1614
-65.0195
-53.4845
-47.5254
-40.5304
-53.5665
-48.0844
-44.1294
-43.8514
-39.3344
-36.9193
-45.6904
-37.4483
-35.8223
-46.9424
-45.7734
-61.7795
-42.2514
-54.0805
-53.8075
-35.6953
-39.8253
-48.1614
-44.1984
-49.7224
-43.1134
-40.7464
-35.9023
-50.9935
-51.8635
-47.5764
-40.1494
-42.4144
-47.7954
-42.0084
-50.5195
-51.7555
-53.1095
-40.1573
-42.5474
-34.9783
-44.3264
-46.3374
-44.5194
-43.9154
-44.0954
-42.1324
-53.2055
-41.3804
-49.1204
-52.8315
-47.4784
-45.7034
-48.9144
-55.2675
-50.8334
-54.4815
-45.9664
-49.4944
-49.1285
-37.1943
-47.3634
-42.2884
-70.4935
-49.7005
-48.1214
-50.6884
-40.6004
-39.5233
-37.4523
-51.7355
-49.0154
-53.6335
-47.8084
-50.5034
-37.4803
-50.0085
-49.7064
-54.4015
-53.2025
-47.6734
-50.1214
-53.3685
-39.3753
-44.0514
-51.1824
-53.1155
-50.7974
-45.5074
-42.5574
-38.3323
-46.9184
-44.0434
-40.2123
-50.6254
-39.7373
-43.1664
-44.1044
-37.2453
-49.6294
-45.1314
-55.5335
-41.9254
-42.4124
-36.6563
-36.2223
-42.5694
-41.5193
-43.7144
-36.6083
-36.7333
-37.9863
-43.6924
-38.8673
-54.7084
-38.4763
-47.3974
-54.8675
-52.6855
-57.0025
-38.7123
-48.7795
-37.0543
-43.2544
-51.6525
-36.6333
-46.5384
-54.2635
-35.4793
-47.1514
-50.6344
-50.5205
-50.0774
-55.2285
-49.3114
-39.2613
-41.2344
-42.1804
-46.9194
-44.9194
-50.4964
-42.8164
-52.3425
-48.2554
-42.6094
-67.9405
-43.3074
-40.1764
-46.6804
-53.6065
-56.0775
-45.2944
-52.0255
-50.6465
-45.6634
-52.6915
-42.6244
-43.2544
-53.7235
-48.1294
-44.3604
-42.7104
-53.7775
-54.6635
-39.2513
-51.3924
-51.6455
-44.2234
-51.7945
-41.9114
-50.5004
-46.3344
-43.5534
-40.8654
-43.5284
-35.9523
-37.7293
-37.4513
-44.8214
-45.0764
-35.9593
-45.7314
-49.3795
-48.0604
-36.0873
-36.4443
-52.9645
-42.4184
-46.5654
-48.9294
-56.0045
-36.9013
-43.9494
-43.0044
-48.0204
-46.5514
-36.1433
-53.0045
-47.8914
-52.4765
-37.2063
-50.4415
-44.9734
-39.5423
-46.3184
-52.5325
-37.5683
-42.0114
-37.9423
-48.7334
-44.6454
-47.7754
-36.4333
-44.3854
-40.6244
-42.9684
-51.8885
-39.0893
-61.5025
-38.9723
-44.8134
-41.4864
-50.6694
-44.1954
-42.1144
-46.6594
-51.9954
-37.1843
-41.7474
-44.8644
-38.0943
-36.8883
-50.6974
-55.1315
-41.6864
-49.2614
-41.1194
-44.9854
-50.5845
-49.7744
-47.3864
-38.6803
-42.2684
-63.5695
-42.8574
-38.1523
-47.7954
-42.5434
-48.6385
-54.3205
-41.9124
-67.0895
-40.5364
-54.5665
-42.8344
-42.2884
-48.5554
-41.3604
-43.0544
-45.8334
-38.9693
-35.3293
-45.3034
-44.8594
-42.7034
-43.3624
-43.3914
-45.5954
-38.9673
-46.0494
-51.7225
-50.7415
-52.7255
-36.3673
-44.8074
-48.8495
-46.5064
-59.9115
-41.0514
-46.7984
-41.3434
-41.2584
-44.3524
-45.9294
-50.4104
-47.9204
-44.0084
-41.8994
-51.8285
-41.8904
-47.5254
-50.3784
-44.0914
-50.3524
-43.3724
-47.1744
-44.2624
-48.7914
-42.4464
-52.3375
-36.5333
-46.2564
-48.7685
-51.8185
-38.2743
-42.1514
-41.1604
-53.5945
-42.1584
-44.5164
-42.0144
-47.0584
-51.6665
-42.2474
-53.4465
-38.4493
-37.2013
-43.8104
-49.8105
-36.8483
-50.2975
-43.7024
-42.7634
-43.0114
-49.9325
-47.8554
-44.2744
-35.8043
-51.7035
-52.2935
-53.9275
-52.9185
-48.6285
-46.3114
-47.6404
-49.6524
-35.1483
-38.1623
-36.0583
-43.9554
-42.1434
-37.3813
-44.5574
-39.3394
-53.1225
-54.0645
-38.3013
-37.3263
-35.2383
-38.5023
-38.0943
-44.0544
-41.9434
-45.5264
-44.5784
-38.7603
-37.3093
-37.3523
-41.6544
-35.7143
-53.4945
-50.5805
-41.3894
-41.8334
-37.2743
-42.7054
-52.2965
-51.2515
-54.1295
-39.8673
-42.6704
-41.7454
-52.0425
-51.5945
-42.5644
-41.4754
-54.2555
-56.7215
-46.8894
-49.3794
-36.7993
-36.8783
-51.4825
-42.9244
-52.7444
-50.0665
-44.5844
-45.8874
-36.8083
-49.2065
-58.1765
-35.3843
-40.8264
-51.1475
-45.0544
-35.0183
-46.9434
-52.8515
-42.5454
-51.9785
-49.1775
-44.3034
-50.3724
-39.2433
-45.3104
-41.3244
-35.5613
-44.6704
-60.1595
-49.3294
-54.9615
-37.0963
-52.6445
-48.5714
-51.0685
-53.9695
-48.9795
-53.8555
-39.8594
-44.4704
-50.3835
-38.4973
-47.9974
-42.1864
-53.2515
-39.4563
-54.5545
-35.2103
-35.6393
-37.3813
-42.7194
-50.1634
-42.3704
-47.4834
-62.6845
-54.2385
-53.5185
-48.6634
-41.3234
-47.5754
-36.0943
-35.3733
-55.2675
-49.8184
-46.6364
-54.9365
-68.8735
-35.7633
-35.6343
-47.9144
-48.4294
-42.1034
-54.9215
-51.5135
-46.6154
-53.2555
-48.8055
-54.8875
-53.8555
-51.8565
-53.2205
-42.7194
-42.6034
-54.1795
-49.7404
-46.5324
-42.5244
-36.9213
-45.4814
-45.0774
-42.6994
-44.9914
-45.0694
-47.1354
-46.3664
-40.6574
-48.2364
-36.5543
-45.4104
-50.7615
-45.7544
-49.5414
-46.8214
-42.6364
-35.8353
-42.1354
-41.9844
-51.3765
-42.5714
-45.0054
-46.9914
-38.4953
-43.1744
-44.9764
-48.2004
-57.8715
-37.0103
-53.5655
-47.5514
-50.5444
-44.9854
-44.5094
-47.0984
-36.0753
-52.5915
-52.5245
-51.7655
-48.2344
-53.9375
-51.3775
-46.3924
-36.6843
-44.4444
-54.6795
-44.8804
-35.4913
-35.2333
-39.1823
-58.7645
-51.0075
-50.5805
-49.6824
-42.9144
-51.1445
-45.7434
-42.5104
-52.9235
-51.8745
-47.8254
-42.3654
-49.4804
-44.1454
-38.6003
-35.8243
-45.2384
-38.7693
-52.6195
-53.0035
-40.4183
-49.0735
-41.7704
-52.3115
-49.9214
-44.8344
-42.9404
-44.0644
-53.4035
-53.9465
-53.0125
-52.9535
-51.4194
-42.8394
-68.6575
-44.0564
-46.1774
-49.0934
-42.9464
-35.6933
-43.0974
-35.1233
-67.7365
-46.1794
-51.9544
-47.2914
-43.2254
-39.3723
-37.5073
-40.4633
-54.5435
-49.4644
-40.1914
-43.3444
-43.0844
-43.5834
-51.5795
-41.8854
-51.9355
-42.4824
-36.4023
-63.0315
-52.2695
-44.5194
-43.7084
-40.3084
-53.0425
-47.5664
-43.1704
-36.6653
-35.4443
-45.7964
-35.7043
-37.0293
-52.0024
-43.5984
-46.6904
-40.2484
-43.9504
-38.3703
-46.7014
-37.3973
-51.4024
-39.3323
-35.6753
-38.2963
-47.5964
-46.0404
-45.1234
-51.9624
-42.8714
-54.0525
-44.5104
-35.6333
-39.0083
-35.4993
-37.9563
-39.2963
-43.3794
-40.3023
-50.8385
-37.2643
-51.0364
-52.2605
-51.6035
-47.9904
-35.4423
-47.9264
-54.4635
-44.2474
-55.0365
-42.1594
-52.1165
-37.9583
-48.8034
-49.4245
-54.9615
-41.7324
-42.3924
-48.6084
-48.1694
-53.5865
-43.2154
-44.8534
-58.2095
-45.8354
-37.8113
-43.3124
-40.8184
-38.4043
-46.4834
-42.0014
-41.9104
-52.5225
-55.5045
-49.8344
-35.1163
-37.1133
-46.2534
-43.4654
-38.2173
-35.9113
-46.6994
-47.6384
-53.0295
-40.8234
-35.2393
-40.2393
-42.0984
-46.5294
-42.4914
-35.6973
-52.5105
-36.3633
-45.0454
-37.6523
-39.0083
-49.6295
-54.7585
-40.0984
-47.4584
-55.7115
-36.2543
-48.5234
-38.2313
-41.6384
-48.9714
-44.1924
-43.5464
-50.9244
-52.9655
-52.7225
-47.2674
-36.8803
-42.6754
-35.7563
-41.3844
-51.0254
-46.3114
-51.6825
-56.6205
-49.0324
-48.6884
-69.9385
-37.5393
-46.7534
-44.0074
-38.0453
-43.2484
-38.1313
-36.2933
-38.1503
-51.2855
-55.0165
-49.4094
-46.4364
-48.5134
-48.9534
-49.9985
-42.2334
-46.9894
-35.5973
-48.4524
-49.0934
-35.1053
-51.0975
-47.2744
-52.4695
-40.3213
-42.9144
-49.6494
-35.8023
-51.2475
-57.4865
-42.7144
-41.2484
-36.4333
-42.2824
-42.4914
-39.1043
-41.6164
-63.1835
-52.0145
-52.8735
-52.8705
-39.0993
-36.8273
-51.3965
-46.8234
-53.0685
-47.5074
-46.0204
-40.7914
-46.7494
-56.5545
-50.7815
-43.6874
-48.4104
-49.6064
-36.4973
-51.8645
-48.5054
-36.0443
-49.2444
-48.6934
-53.4675
-53.3515
-51.5595
-70.7665
-39.7613
-50.9124
-50.5775
-42.0074
-45.7434
-47.8574
-40.2933
-45.5554
-51.0945
-37.8783
-64.7115
-37.2543
-39.7424
-50.4615
-42.8574
-62.2495
-39.5813
-49.3764
-50.6165
-36.8843
-38.1803
-36.7193
-53.7585
-36.6293
-38.6433
-52.1685
-38.9983
-41.5054
-39.4913
-36.3533
-54.8605
-42.8024
-47.2654
-42.9664
-36.6233
-49.0804
-47.9084
-52.4445
-50.0715
-38.6253
-39.3763
-55.2315
-52.6175
-48.3304
-54.0975
-56.4875
-53.5535
-51.8065
-62.3555
-40.9924
-50.4144
-37.2533
-35.0923
-47.7154
-53.1585
-48.6345
-49.1995
-35.3183
-37.2743
-49.8475
-43.9414
-49.2725
-50.6745
-49.6074
-42.8374
-42.6444
-52.5995
-44.1784
-54.0845
-45.9644
-37.9983
-48.3774
-47.4164
-43.0184
-46.0964
-46.3724
-53.7435
-37.8413
-49.9505
-42.0234
-48.1524
-67.8025
-36.0513
-52.5564
-54.2285
-48.1954
-49.7275
-48.1694
-35.4613
-48.3364
-46.8974
-35.2403
-37.0033
-55.9445
-39.2693
-42.0664
-50.1345
-52.0555
-41.4114
-45.5494
-52.1475
-50.3225
-53.1815
-49.9245
-45.2534
-50.7785
-54.2405
-50.0645
-50.8904
-51.6785
-45.2424
-52.8415
-53.9325
-45.5134
-47.7834
-43.2094
-49.4585
-49.1485
-51.4065
-49.4894
-40.2683
-52.8945
-51.7185
-38.5973
-38.1023
-37.1893
-44.6284
-48.7404
-49.7905
-49.0075
-38.7873
-51.1614
-54.4405
-49.6734
-45.5544
-46.6944
-41.6454
-53.6395
-52.9565
-49.0864
-52.8765
-44.6494
-50.5144
-48.7054
-37.3403
-51.5365
-53.8365
-51.4215
-54.4825
-37.3113
-53.5125
-51.5715
-48.1884
-48.1164
-45.3724
-45.3434
-50.1084
-50.4764
-42.7304
-52.1785
-39.4373
-50.1344
-50.3024
-51.5305
-49.6795
-45.7874
-42.2744
-65.1085
-39.4823
-42.9434
-44.7784
-39.6634
-39.3233
-40.9213
-42.1064
-49.7184
-39.5234
-45.0714
-47.9324
-48.2774
-49.6634
-52.9885
-54.6815
-49.1754
-42.1334
-60.1685
-49.9224
-38.4123
-47.5014
-38.7003
-37.8143
-37.6583
-41.3264
-40.5734
-35.6643
-39.3503
-53.3255
-39.0753
-46.9064
-42.8644
-52.0375
-51.0865
-50.3364
-52.8555
-54.3534
-36.0323
-49.8974
-52.1575
-55.1505
-37.2583
-50.7965
-42.6554
-50.6434
-43.4044
-49.2814
-49.1414
-49.6884
-46.2544
-53.7374
-49.5925
-39.5083
-42.7394
-57.7605
-39.2843
-44.5564
-45.7424
-58.1555
-57.0885
-40.5573
-62.3765
-49.8735
-49.2904
-49.3215
-48.2034
-41.0944
-50.9345
-59.0615
-62.1865
-62.1345
-52.6835
-51.2545
-52.1845
-39.0733
-43.7004
-41.7464
-39.4623
-50.0884
-46.9964
-50.8684
-47.9794
-51.8455
-52.1555
-46.4144
-50.9755
-42.2984
-41.0074
-46.3664
-51.7405
-43.9164
-42.3084
-46.8944
-47.0264
-45.4304
-49.6314
-46.0324
-40.4773
-41.8694
-35.3763
-36.9923
-39.2963
-42.9644
-44.7314
-40.1374
-40.3204
-56.1335
-42.2464
-40.9424
-46.8284
-39.3943
-44.0284
-43.6634
-46.9084
-52.1925
-41.1354
-38.4843
-50.2435
-36.8743
-55.3175
-49.8194
-52.5065
-38.6093
-35.4283
-53.8775
-41.4834
-51.5495
-38.9723
-43.6034
-52.9085
-40.0904
-42.7364
-48.3084
-42.2674
-35.8503
-35.9883
-43.9234
-51.8595
-52.0205
-51.0235
-40.4964
-45.0044
-48.5164
-35.3273
-53.4055
-54.4365
-49.8064
-42.8824
-37.9443
-36.2413
-41.0924
-52.7485
-49.3565
-51.1525
-42.2444
-38.2563
-48.1424
-53.7285
-59.9515
-47.0594
-35.0773
-51.5335
-52.1445
-52.1545
-40.9403
-53.8835
-48.1364
-40.6114
-48.8894
-51.1164
-40.3894
-40.2924
-60.1465
-46.9754
-48.2974
-42.3434
-45.0924
-42.7044
-42.3074
-52.1995
-42.8414
-46.1404
-53.4905
-48.6294
-51.7905
-53.7025
-37.5673
-49.8335
-40.3384
-50.4844
-40.8394
-54.4965
-35.2913
-52.4244
-44.8714
-52.0104
-52.7845
-45.2514
-42.5394
-44.1044
-47.4384
-49.9734
-41.1684
-41.9104
-47.9634
-43.8884
-45.3634
-49.8034
-39.4793
-51.7655
-49.7965
-48.5364
-53.4905
-50.0445
-52.4045
-68.5045
-52.3425
-52.5355
-35.6273
-49.9464
-42.7314
-37.0983
-50.0514
-45.8244
-51.5555